-12.3	2.1446	-1.2749
141.9	2.2936	-1.3148
158.5	2.2936	-1.3314
162.0	2.2954	-1.3344
226.5	2.3599	-1.3344
279.6	2.3961	-1.3732
289.1	2.4019	-1.3807
294.9	2.4047	-1.3858
302.4	2.4074	-1.3928
310.1	2.409	-1.4003
331.9	2.4121	-1.4219
341.4	2.4128	-1.4314
378.5	2.4129	-1.4685
381.8	2.4127	-1.4718
385.2	2.4124	-1.4751
386.9	2.4121	-1.4768
414.9	2.4075	-1.5044
430.2	2.3979	-1.5164
508.8	2.4191	-1.5921
513.7	2.4203	-1.5968
517.5	2.4209	-1.6006
521.3	2.4212	-1.6044
525.1	2.4212	-1.6082
527.0	2.4211	-1.6101
559.8	2.4187	-1.6428
562.7	2.4185	-1.6457
566.6	2.4179	-1.6495
570.5	2.417	-1.6533
573.3	2.4162	-1.656
608.5	2.4056	-1.6896
711.6	2.3149	-1.7386
750.1	2.3534	-1.7386
756.0	2.3593	-1.7385
759.9	2.3631	-1.738
763.7	2.3669	-1.7373
767.6	2.3706	-1.7362
771.4	2.3742	-1.7349
828.7	2.4273	-1.7134
832.6	2.431	-1.7121
836.5	2.4347	-1.7111
840.3	2.4385	-1.7103
844.2	2.4423	-1.7099
848.0	2.4461	-1.7097
925.5	2.5236	-1.7097
931.2	2.5245	-1.704
932.2	2.5236	-1.7037
933.8	2.5226	-1.7025
935.4	2.5223	-1.7009
937.0	2.523	-1.6994
995.9	2.5588	-1.6527
997.8	2.5604	-1.6516
999.6	2.5622	-1.6517
1014.8	2.5526	-1.6399
1016.4	2.5516	-1.6387
1018.1	2.5518	-1.637
1061.8	2.5738	-1.5993
1122.5	2.6325	-1.6149
1125.5	2.6336	-1.6177
1187.3	2.6934	-1.6333
1190.1	2.694	-1.636
1252.3	2.754	-1.6526
1254.3	2.7549	-1.6544
1315.7	2.8143	-1.6698
1351.5	2.8143	-1.7056
1363.3	2.8041	-1.7115
1416.0	2.8568	-1.7115
1420.6	2.8614	-1.7116
1424.3	2.8651	-1.712
1428.1	2.8688	-1.7127
1431.8	2.8724	-1.7137
1435.6	2.876	-1.7149
1438.1	2.8783	-1.7159
1501.3	2.9362	-1.7413
1506.1	2.9406	-1.743
1509.8	2.9442	-1.7441
1513.5	2.9478	-1.745
1517.3	2.9515	-1.7455
1519.2	2.9534	-1.7457
1522.9	2.9571	-1.7458
1552.6	2.9868	-1.7458
1662.2	2.8975	-1.6822
1723.7	2.8818	-1.6227
1727.3	2.881	-1.6192
1732.9	2.8803	-1.6137
1736.6	2.8801	-1.61
1743.8	2.8801	-1.6028
1749.5	2.8805	-1.5971
1755.2	2.8814	-1.5915
1838.5	2.9002	-1.5103
1854.0	2.8903	-1.4984
1863.6	2.8876	-1.4892
1867.1	2.8868	-1.4858
1870.5	2.8862	-1.4824
1874.1	2.8858	-1.4789
1879.1	2.8857	-1.4739
1917.4	2.8857	-1.4356
1921.4	2.8859	-1.4316
1925.3	2.8863	-1.4277
1929.3	2.8871	-1.4238
1936.3	2.8893	-1.4171
1963.2	2.9006	-1.3927
1966.8	2.9023	-1.3895
1972.4	2.9053	-1.3848
1976.0	2.9075	-1.3819
1984.1	2.9132	-1.3762
2049.1	2.9633	-1.3348
2095.3	3.0095	-1.3348
2096.5	3.0107	-1.3348
2101.0	3.0132	-1.3385
2133.9	3.0214	-1.3704
2209.2	3.0967	-1.3704
2290.6	3.0598	-1.2978
2448.6	3.1938	-1.2141
2451.6	3.1959	-1.212
2454.6	3.1973	-1.2094
2456.1	3.1988	-1.2089
2459.3	3.202	-1.2089
2563.3	3.306	-1.2089
2589.2	3.306	-1.183
2612.1	3.2897	-1.167
2629.6	3.2778	-1.1541
2636.1	3.2739	-1.1489
2638.5	3.2728	-1.1468
2641.8	3.2721	-1.1436
2643.5	3.2721	-1.1419
2645.1	3.2724	-1.1403
2648.4	3.2738	-1.1373
2664.1	3.2828	-1.1244
2714.4	3.3116	-1.0832
2728.2	3.3195	-1.0719
2740.4	3.3281	-1.0632
2774.7	3.3521	-1.0387
2777.9	3.3544	-1.0365
2783.4	3.3593	-1.034
2786.5	3.3617	-1.0321
2792.3	3.3643	-1.0269
2805.2	3.3728	-1.0172
2881.3	3.423	-0.96
2891.6	3.4298	-0.9522
2897.2	3.4346	-0.9494
2900.2	3.4369	-0.9475
2906.0	3.4392	-0.9421
2918.5	3.4469	-0.9323
2995.0	3.494	-0.872
3005.4	3.5004	-0.8638
3011.0	3.505	-0.8607
3013.7	3.5071	-0.859
3019.8	3.5091	-0.8532
3032.5	3.5165	-0.8429
3106.9	3.5588	-0.7817
3119.3	3.5658	-0.7715
3124.9	3.5703	-0.7681
3126.8	3.5718	-0.7669
3132.8	3.5735	-0.7612
3145.6	3.5802	-0.7503
3219.8	3.6189	-0.6869
3232.3	3.6254	-0.6763
3237.9	3.6297	-0.6726
3240.1	3.6314	-0.6712
3245.9	3.6326	-0.6656
3259.0	3.6387	-0.654
3333.6	3.6732	-0.5878
3345.4	3.6788	-0.5774
3351.1	3.6828	-0.5734
3353.7	3.6846	-0.5715
3359.7	3.6855	-0.5656
3364.7	3.6876	-0.561
3448.0	3.7219	-0.4851
3459.4	3.7266	-0.4748
3465.0	3.7304	-0.4706
3467.6	3.732	-0.4686
3473.5	3.7327	-0.4627
3478.8	3.7346	-0.4578
3571.2	3.7678	-0.3716
3573.1	3.7685	-0.3698
3578.8	3.772	-0.3653
3581.3	3.7736	-0.3633
3587.3	3.7739	-0.3574
3592.3	3.7754	-0.3526
3679.7	3.8022	-0.2694
3686.9	3.8044	-0.2625
3692.7	3.8077	-0.2578
3695.1	3.8091	-0.2558
3701.0	3.8091	-0.2499
3706.3	3.8104	-0.2448
3795.8	3.8329	-0.1582
3800.8	3.8342	-0.1533
3806.6	3.8372	-0.1484
3809.0	3.8385	-0.1464
3814.9	3.8381	-0.1405
3820.5	3.8392	-0.135
3906.2	3.8561	-0.051
3914.7	3.8577	-0.0426
3920.4	3.8604	-0.0376
3922.8	3.8616	-0.0355
3928.7	3.8609	-0.0297
3933.8	3.8616	-0.0246
4027.5	3.8748	0.0682
4027.5	3.8748	0.0682
4034.2	3.8773	0.0744
4036.6	3.8784	0.0765
4042.4	3.8774	0.0822
4048.7	3.8779	0.0885
4136.4	3.8852	0.1759
4142.3	3.8857	0.1818
4148.1	3.8879	0.1871
4150.4	3.8888	0.1893
4154.9	3.888	0.1937
4157.3	3.8875	0.196
4251.4	3.89	0.2901
4256.1	3.8902	0.2948
4261.9	3.892	0.3003
4264.2	3.8928	0.3025
4270.0	3.8912	0.308
4275.0	3.891	0.313
4369.2	3.8882	0.4072
4371.5	3.8882	0.4095
4375.9	3.8897	0.4136
4378.1	3.8904	0.4157
4386.6	3.888	0.4239
4389.0	3.888	0.4263
4482.6	3.8799	0.5195
4484.4	3.8799	0.5213
4489.7	3.8809	0.5265
4491.9	3.8815	0.5286
4497.5	3.8793	0.5338
4503.0	3.8785	0.5392
4596.6	3.8651	0.6319
4598.8	3.8651	0.6341
4603.5	3.8658	0.6387
4605.6	3.8663	0.6408
4611.4	3.8637	0.6459
4614.8	3.8631	0.6493
4710.4	3.8441	0.743
4712.8	3.844	0.7454
4717.3	3.8444	0.7499
4719.5	3.8448	0.752
4725.2	3.8419	0.7569
4730.8	3.8405	0.7623
4824.3	3.8167	0.8528
4831.3	3.8167	0.8598
4833.5	3.8167	0.862
4838.9	3.8138	0.8665
4842.6	3.8126	0.87
4937.9	3.7833	0.9607
4940.2	3.7828	0.9629
4945.1	3.7827	0.9678
4947.3	3.7827	0.97
4952.6	3.7795	0.9743
4955.0	3.7786	0.9765
5051.7	3.7437	1.0667
5052.9	3.7432	1.0678
5058.8	3.7428	1.0737
5060.8	3.743	1.0757
5066.6	3.7391	1.08
5069.8	3.7378	1.0829
5165.4	3.6983	1.1699
5166.9	3.6977	1.1713
5172.9	3.6969	1.1773
5174.9	3.6967	1.1792
5180.4	3.6928	1.1832
5183.6	3.6914	1.186
5219.9	3.6745	1.2182
5230.6	3.6696	1.2277
5239.1	3.6671	1.2358
5341.2	3.6369	1.3333
5343.5	3.6362	1.3355
5344.0	3.6361	1.336
5344.4	3.636	1.3364
5345.6	3.6358	1.3376
5347.3	3.6358	1.3393
5349.0	3.6361	1.3409
5349.1	3.6361	1.341
5350.6	3.6366	1.3425
5352.3	3.6374	1.344
5352.9	3.6378	1.3444
5352.9	3.6378	1.3444
5353.9	3.6384	1.3452
5355.6	3.6396	1.3464
5355.6	3.6396	1.3464
5355.8	3.6398	1.3465
5357.3	3.641	1.3474
5357.5	3.6412	1.3474
5358.6	3.6421	1.348
5365.1	3.6476	1.3514
5396.6	3.6756	1.366
5454.2	3.667	1.4229
5475.8	3.6524	1.407
5478.4	3.6502	1.4056
5481.2	3.6475	1.405
5484.6	3.6441	1.4056
5487.4	3.6417	1.4071
5515.4	3.621	1.4259
5516.2	3.6204	1.4265
5552.3	3.5937	1.4507
5553.1	3.5931	1.4513
5589.2	3.5665	1.4756
5589.9	3.5659	1.4761
5626.0	3.5392	1.5004
5626.8	3.5386	1.5009
5662.9	3.5119	1.5252
5663.7	3.5113	1.5257
5699.8	3.4846	1.55
5700.6	3.484	1.5505
5736.7	3.4573	1.5748
5737.5	3.4568	1.5754
5773.5	3.4301	1.5996
5774.4	3.4295	1.6002
5810.4	3.4028	1.6244
5811.2	3.4022	1.625
5839.3	3.3814	1.6439
5842.1	3.3798	1.6461
5844.8	3.3789	1.6487
5847.6	3.379	1.6515
5850.1	3.3799	1.6538
5872.5	3.3949	1.6705
5923.3	3.3552	1.7021
5929.8	3.349	1.7001
5936.1	3.3427	1.7
5944.3	3.3347	1.7018
5948.0	3.3313	1.7034
6008.8	3.2814	1.7381
6013.5	3.2785	1.7418
6019.4	3.2754	1.7468
6025.8	3.2733	1.7528
6032.3	3.273	1.7593
6116.6	3.2101	1.8154
6121.8	3.2051	1.8137
6130.8	3.1961	1.8136
6135.9	3.1912	1.8147
6141.4	3.1861	1.8168
6201.9	3.1364	1.8514
6209.1	3.1321	1.8571
6213.9	3.1297	1.8613
6219.4	3.1282	1.8666
6225.5	3.1278	1.8727
6341.0	3.0213	1.9174
6381.1	3.0031	1.8817
6383.6	3.0008	1.8827
6527.2	2.8686	1.9388
6535.3	2.8612	1.942
6536.3	2.8602	1.9422
6544.5	2.8523	1.9445
6624.7	2.7754	1.9672
6633.8	2.7667	1.9698
6635.3	2.7652	1.9701
6643.2	2.7574	1.9712
6722.6	2.6788	1.9821
6731.5	2.6699	1.9833
6733.3	2.6681	1.9834
6742.8	2.6586	1.9833
6823.7	2.5777	1.9821
6829.9	2.5715	1.9821
6831.2	2.5703	1.982
6841.2	2.5604	1.9804
6922.7	2.48	1.967
6928.2	2.4746	1.9661
6929.6	2.4732	1.9658
6937.4	2.4658	1.9634
7018.8	2.3884	1.9382
7026.4	2.3812	1.9358
7027.8	2.3799	1.9352
7034.2	2.3742	1.9323
7119.5	2.298	1.894
7124.6	2.2934	1.8917
7126.0	2.2922	1.891
7131.8	2.2875	1.8876
7244.8	2.1954	1.8221
7246.3	2.1942	1.8213
7286.5	2.1707	1.854
7296.2	2.1613	1.8517
7331.8	2.1824	1.823
7368.7	2.1657	1.7901
7369.5	2.1653	1.7894
7405.6	2.149	1.7572
7406.4	2.1486	1.7565
7442.3	2.1323	1.7245
7443.4	2.1318	1.7236
7479.3	2.1156	1.6915
7480.1	2.1152	1.6908
7516.2	2.0989	1.6586
7517.0	2.0985	1.6579
7553.0	2.0822	1.6258
7553.9	2.0818	1.625
7583.9	2.0681	1.5983
7584.9	2.0675	1.5975
7620.9	2.0547	1.5639
7621.7	2.0544	1.5631
7657.8	2.0415	1.5294
7658.7	2.0412	1.5286
7694.8	2.0283	1.4949
7695.5	2.028	1.4942
7731.5	2.0151	1.4606
7732.4	2.0148	1.4598
7768.5	2.0019	1.4261
7769.3	2.0017	1.4253
7805.3	1.9888	1.3917
7806.1	1.9885	1.3909
7842.2	1.9756	1.3572
7843.0	1.9753	1.3565
7882.1	1.9612	1.32
7885.2	1.9597	1.3173
7887.3	1.958	1.316
7889.9	1.9556	1.315
7892.2	1.9533	1.3148
7894.7	1.9509	1.3154
7915.6	1.9314	1.3229
7954.7	1.9021	1.2971
7988.7	1.9286	1.2758
7991.1	1.93	1.2738
7992.5	1.9299	1.2724
8004.8	1.927	1.2604
8007.7	1.9258	1.2578
8013.1	1.9226	1.2534
8015.5	1.9207	1.252
8037.4	1.941	1.2437
8045.5	1.9428	1.2358
8047.4	1.9425	1.234
8125.2	1.9273	1.1577
8127.0	1.9269	1.1559
8134.8	1.9223	1.1496
8137.2	1.9232	1.1474
8145.3	1.9253	1.1396
8147.5	1.925	1.1374
8225.8	1.9124	1.0601
8227.6	1.9121	1.0583
8235.4	1.9078	1.0518
8238.2	1.9078	1.049
8246.2	1.91	1.0413
8248.2	1.9097	1.0394
8326.9	1.8985	0.9615
8329.7	1.8981	0.9587
8338.0	1.8935	0.9518
8340.7	1.8935	0.9491
8347.9	1.8957	0.9422
8350.5	1.8957	0.9396
8428.8	1.8858	0.8619
8431.4	1.8855	0.8594
8439.5	1.8812	0.8525
8442.3	1.881	0.8497
8450.3	1.8833	0.842
8452.2	1.883	0.8402
8530.5	1.8731	0.7625
8533.0	1.8728	0.76
8541.1	1.8686	0.7531
8543.9	1.8683	0.7503
8551.8	1.8706	0.7427
8553.4	1.8704	0.7412
8631.6	1.8605	0.6636
8633.5	1.8603	0.6617
8641.7	1.856	0.6547
8644.5	1.8561	0.6519
8652.5	1.8586	0.6443
8654.4	1.8584	0.6424
8732.2	1.8499	0.5651
8734.2	1.8497	0.5631
8741.8	1.8459	0.5565
8744.6	1.8456	0.5537
8752.6	1.8483	0.5462
8754.0	1.8482	0.5448
8832.4	1.8419	0.4667
8834.4	1.8417	0.4647
8842.1	1.838	0.4579
8844.9	1.8381	0.4551
8853.0	1.8411	0.4476
8854.8	1.841	0.4458
8932.7	1.8373	0.368
8934.8	1.8372	0.3659
8942.5	1.8337	0.359
8945.3	1.8339	0.3562
8953.3	1.8371	0.3489
8955.2	1.8371	0.347
9032.5	1.836	0.2697
9035.1	1.8359	0.2671
9042.9	1.8326	0.26
9045.8	1.833	0.2572
9053.7	1.8364	0.25
9055.5	1.8365	0.2482
9133.0	1.8379	0.1707
9135.6	1.8379	0.1681
9143.3	1.8349	0.1611
9146.1	1.8353	0.1583
9154.1	1.839	0.1512
9156.0	1.8391	0.1493
9233.9	1.8432	0.0715
9235.9	1.8433	0.0695
9243.8	1.8404	0.0622
9246.5	1.841	0.0595
9254.5	1.8449	0.0525
9256.7	1.8451	0.0504
9335.1	1.8517	-0.0278
9336.5	1.8517	-0.0292
9344.1	1.8492	-0.0363
9346.8	1.8499	-0.039
9354.9	1.854	-0.0459
9357.1	1.8543	-0.0481
9434.6	1.8634	-0.1251
9436.7	1.8637	-0.1271
9444.5	1.8613	-0.1346
9447.3	1.8621	-0.1373
9455.3	1.8664	-0.144
9457.1	1.8667	-0.1458
9535.6	1.8785	-0.2234
9537.1	1.8788	-0.2248
9544.8	1.8767	-0.2323
9547.7	1.8775	-0.235
9555.6	1.882	-0.2416
9557.5	1.8824	-0.2434
9635.8	1.8968	-0.3204
9637.4	1.897	-0.322
9645.2	1.8952	-0.3296
9647.9	1.8959	-0.3322
9656.1	1.9009	-0.3386
9657.9	1.9013	-0.3404
9736.4	1.9183	-0.417
9737.9	1.9186	-0.4185
9745.7	1.917	-0.4261
9748.5	1.918	-0.4287
9756.4	1.923	-0.4349
9758.4	1.9234	-0.4368
9836.2	1.9428	-0.5122
9838.3	1.9433	-0.5142
9846.1	1.942	-0.5219
9848.8	1.943	-0.5244
9856.8	1.9482	-0.5305
9858.4	1.9487	-0.532
9936.5	1.9706	-0.607
9938.6	1.9712	-0.609
9946.5	1.9701	-0.6168
9960.5	1.9581	-0.6241
9962.9	1.9597	-0.6259
9963.7	1.9598	-0.6267
9994.8	1.9618	-0.6577
9997.3	1.9617	-0.6602
10000.6	1.9598	-0.6629
10003.6	1.957	-0.6641
10047.5	1.9151	-0.6772
10175.5	1.9787	-0.7882
10197.7	1.9992	-0.7796
10199.7	2.0012	-0.7792
10203.0	2.0044	-0.7796
10206.0	2.007	-0.7811
10209.6	2.0091	-0.7841
10239.2	2.0204	-0.8114
10239.9	2.0207	-0.8121
10276.1	2.0345	-0.8455
10276.8	2.0348	-0.8462
10312.9	2.0486	-0.8795
10313.8	2.049	-0.8803
10349.8	2.0628	-0.9136
10350.6	2.0631	-0.9143
10386.7	2.0768	-0.9477
10387.5	2.0772	-0.9484
10423.5	2.091	-0.9817
10424.4	2.0913	-0.9825
10460.4	2.1051	-1.0158
10461.4	2.1055	-1.0167
10497.5	2.1193	-1.05
10498.3	2.1196	-1.0508
10534.4	2.1334	-1.0841
10535.2	2.1337	-1.0849
10571.3	2.1475	-1.1182
10572.0	2.1478	-1.1189
10608.1	2.1616	-1.1522
10608.9	2.1619	-1.153
10645.0	2.1757	-1.1863
10645.7	2.176	-1.187
10681.9	2.1898	-1.2204
10682.6	2.1901	-1.2211
10712.2	2.2014	-1.2484
10715.2	2.2021	-1.2513
10718.0	2.2016	-1.2541
10720.2	2.2006	-1.256
10721.9	2.1995	-1.2573
10723.2	2.1985	-1.2581
10745.6	2.1778	-1.2668
