# Beginnings of intervals of 0.05s for shots [28020 28030 28031 28032 28036 28037 28041 28042 28043 28045 28046 28049
#  28050 28051 28056 28057 28058 28059 28060 28066 28067 28068 28071 28076
#  28079 28086 28113 28114 28116 28118 28119 28121 28122 28123 28124 28129
#  28130 28132 28133 28134 28135 28136 28144 28145 28146 28148 28153 28155
#  28156 28182]
1.401209677419354982e-01
3.004032258064516236e-01
3.830645161290321954e-02
2.570564516129032473e-01
2.752016129032258118e-01
2.782258064516129337e-01
1.653225806451613100e-01
1.592741935483870663e-01
2.016129032258064391e-01
1.854838709677419373e-01
1.743951612903225645e-01
1.955645161290322509e-01
1.875000000000000000e-01
1.643145161290322509e-01
1.844758064516129337e-01
4.536290322580645296e-02
1.088709677419354843e-01
1.844758064516129337e-01
2.933467741935483764e-01
1.834677419354838745e-01
1.683467741935483764e-01
1.885080645161290591e-01
1.794354838709677491e-01
2.852822580645161255e-01
1.340725806451613100e-01
2.651209677419354982e-01
1.653225806451613100e-01
1.723790322580645018e-01
3.004032258064516236e-01
1.955645161290322509e-01
2.288306451612903136e-01
1.602822580645161255e-01
3.558467741935483764e-01
2.983870967741935609e-01
1.139112903225806411e-01
1.693548387096774355e-01
1.733870967741935609e-01
1.733870967741935609e-01
1.733870967741935609e-01
2.570564516129032473e-01
1.149193548387096725e-01
1.290322580645161255e-01
1.370967741935483764e-01
3.034274193548386900e-01
1.643145161290322509e-01
2.096774193548386900e-01
3.346774193548386900e-01
2.137096774193548709e-01
1.965725806451613100e-01
1.975806451612903136e-01
