# time interals           of 0.05s for shots [22123 23354 23431 23436 23488 23583 23584 23585 23586 23592 23598 23600
#  23601 23616 23617 23618 23620 23621 26364 26365 26366 26367 26368 26369
#  26371 26372 26373 26374 26377 26378 26383 26386 26387 26389 26390 26392
#  26394 26404 26405 26406 26407 26409 26544 26546]
1.239919354838709548e-01
0.000000000000000000e+00
1.713709677419354982e-01
1.683467741935483764e-01
1.572580645161290036e-01
1.653225806451613100e-01
1.350806451612903136e-01
1.370967741935483764e-01
1.431451612903225645e-01
1.451612903225806273e-01
1.431451612903225645e-01
1.683467741935483764e-01
1.854838709677419373e-01
1.058467741935483902e-01
1.078629032258064530e-01
7.661290322580645296e-02
9.576612903225804885e-02
1.028225806451612961e-01
1.633064516129032473e-01
8.971774193548386067e-02
1.935483870967741882e-01
1.088709677419354843e-01
1.945564516129032473e-01
1.643145161290322509e-01
2.096774193548386900e-01
1.219758064516128920e-01
2.187500000000000000e-01
2.923387096774193727e-02
1.159274193548387039e-01
9.576612903225804885e-02
2.076612903225806273e-01
1.844758064516129337e-01
1.854838709677419373e-01
2.237903225806451846e-01
1.885080645161290591e-01
2.338709677419354982e-01
2.056451612903225645e-01
1.955645161290322509e-01
2.157258064516129337e-01
8.870967741935482931e-02
8.064516129032257841e-02
8.870967741935482931e-02
8.971774193548386067e-02
2.076612903225806273e-01
