# Beginnings of intervals of 0.05s for shots [22123 23354 23431 23436 23488 23584 23585 23586 23598 23600 23601 23616
#  23617 23618 23620 23621 26364 26365 26367 26372 26373 26374 26386 26387
#  26389 26392 26394 26404 26406 26407 26409 26581 26582 26583 26585 26586
#  26587 27466 27470 27472 27734 27740 27743 27747 27748 27749 27751 27754
#  27755 27769]
1.280241935483870663e-01
0.000000000000000000e+00
1.693548387096774355e-01
1.582661290322580627e-01
1.683467741935483764e-01
1.320564516129032473e-01
1.401209677419354982e-01
1.340725806451613100e-01
2.721774193548386900e-01
2.429435483870968082e-01
2.328629032258064391e-01
1.028225806451612961e-01
1.068548387096774216e-01
1.098790322580645157e-01
1.562500000000000000e-01
1.048387096774193589e-01
1.895161290322580627e-01
2.106854838709677491e-01
2.106854838709677491e-01
2.227822580645161255e-01
2.177419354838709964e-01
8.770161290322579795e-02
1.905241935483871218e-01
1.864919354838709964e-01
2.046370967741935609e-01
2.268145161290322509e-01
2.217741935483871218e-01
1.985887096774193727e-01
8.568548387096773522e-02
9.374999999999998612e-02
9.677419354838710797e-02
2.147177419354838745e-01
3.014112903225806273e-01
4.838709677419354704e-02
1.925403225806451846e-01
2.439516129032258118e-01
2.358870967741935609e-01
2.631048387096774355e-01
0.000000000000000000e+00
2.661290322580645018e-01
1.381048387096774355e-01
1.078629032258064530e-01
2.106854838709677491e-01
3.034274193548386900e-01
2.620967741935484319e-02
2.318548387096773522e-02
2.741935483870968082e-01
9.778225806451613933e-02
9.576612903225804885e-02
2.741935483870968082e-01
