# Beginnings of intervals of 0.05s for shots [27771 27772 27773 27774 27775 27784 27788 27793 27794 27795 27797 27798
#  27821 27822 27842 27859 27860 27861 27862 27864 27865 27867 27868 27870
#  27871 27875 27876 27888 27889 27899 27903 27905 27908 27909 27917 27919
#  27921 27923 27931 27933 27934 27936 27938 27997 28005 28006 28011 28012
#  28013 28014]
1.502016129032258118e-01
1.643145161290322509e-01
1.885080645161290591e-01
2.006048387096774355e-01
2.006048387096774355e-01
2.066532258064516236e-01
2.116935483870968082e-01
2.036290322580645018e-01
2.076612903225806273e-01
2.127016129032258118e-01
3.810483870967741882e-01
2.066532258064516236e-01
2.167338709677419373e-01
2.510080645161290591e-01
3.528225806451612545e-02
1.915322580645161255e-01
9.979838709677420205e-02
1.814516129032258118e-01
2.620967741935483764e-01
1.532258064516128782e-01
2.338709677419354982e-01
3.528225806451612545e-02
1.280241935483870663e-01
1.683467741935483764e-01
1.713709677419354982e-01
1.562500000000000000e-01
1.622983870967741882e-01
2.701612903225806273e-01
1.784274193548387455e-01
1.965725806451613100e-01
1.431451612903225645e-01
2.933467741935483764e-01
2.752016129032258118e-01
1.209677419354838607e-01
2.489919354838709964e-01
2.550403225806451846e-01
1.995967741935483764e-01
2.389112903225806273e-01
2.872983870967741882e-01
2.560483870967741882e-01
1.935483870967741882e-01
1.844758064516129337e-01
2.046370967741935609e-01
2.449596774193548709e-01
2.227822580645161255e-01
2.197580645161290591e-01
1.350806451612903136e-01
2.389112903225806273e-01
2.076612903225806273e-01
2.076612903225806273e-01
