1.280241935483870663e-01
0.000000000000000000e+00
1.693548387096774355e-01
1.582661290322580627e-01
1.683467741935483764e-01
1.320564516129032473e-01
1.401209677419354982e-01
1.340725806451613100e-01
2.721774193548386900e-01
2.429435483870968082e-01
2.328629032258064391e-01
1.028225806451612961e-01
1.068548387096774216e-01
1.098790322580645157e-01
1.562500000000000000e-01
1.048387096774193589e-01
1.895161290322580627e-01
2.106854838709677491e-01
2.106854838709677491e-01
2.227822580645161255e-01
2.177419354838709964e-01
8.770161290322579795e-02
1.905241935483871218e-01
1.864919354838709964e-01
2.046370967741935609e-01
2.268145161290322509e-01
2.217741935483871218e-01
1.985887096774193727e-01
8.568548387096773522e-02
9.374999999999998612e-02
9.677419354838710797e-02
2.147177419354838745e-01
3.014112903225806273e-01
4.838709677419354704e-02
1.925403225806451846e-01
2.439516129032258118e-01
2.358870967741935609e-01
2.631048387096774355e-01
0.000000000000000000e+00
2.661290322580645018e-01
1.381048387096774355e-01
1.078629032258064530e-01
2.106854838709677491e-01
3.034274193548386900e-01
2.620967741935484319e-02
2.318548387096773522e-02
2.741935483870968082e-01
9.778225806451613933e-02
9.576612903225804885e-02
2.741935483870968082e-01
1.502016129032258118e-01
1.643145161290322509e-01
1.885080645161290591e-01
2.006048387096774355e-01
2.006048387096774355e-01
2.066532258064516236e-01
2.116935483870968082e-01
2.036290322580645018e-01
2.076612903225806273e-01
2.127016129032258118e-01
3.810483870967741882e-01
2.066532258064516236e-01
2.167338709677419373e-01
2.510080645161290591e-01
3.528225806451612545e-02
1.915322580645161255e-01
9.979838709677420205e-02
1.814516129032258118e-01
2.620967741935483764e-01
1.532258064516128782e-01
2.338709677419354982e-01
3.528225806451612545e-02
1.280241935483870663e-01
1.683467741935483764e-01
1.713709677419354982e-01
1.562500000000000000e-01
1.622983870967741882e-01
2.701612903225806273e-01
1.784274193548387455e-01
1.965725806451613100e-01
1.431451612903225645e-01
2.933467741935483764e-01
2.752016129032258118e-01
1.209677419354838607e-01
2.489919354838709964e-01
2.550403225806451846e-01
1.995967741935483764e-01
2.389112903225806273e-01
2.872983870967741882e-01
2.560483870967741882e-01
1.935483870967741882e-01
1.844758064516129337e-01
2.046370967741935609e-01
2.449596774193548709e-01
2.227822580645161255e-01
2.197580645161290591e-01
1.350806451612903136e-01
2.389112903225806273e-01
2.076612903225806273e-01
2.076612903225806273e-01
1.401209677419354982e-01
3.004032258064516236e-01
3.830645161290321954e-02
2.570564516129032473e-01
2.752016129032258118e-01
2.782258064516129337e-01
1.653225806451613100e-01
1.592741935483870663e-01
2.016129032258064391e-01
1.854838709677419373e-01
1.743951612903225645e-01
1.955645161290322509e-01
1.875000000000000000e-01
1.643145161290322509e-01
1.844758064516129337e-01
4.536290322580645296e-02
1.088709677419354843e-01
1.844758064516129337e-01
2.933467741935483764e-01
1.834677419354838745e-01
1.683467741935483764e-01
1.885080645161290591e-01
1.794354838709677491e-01
2.852822580645161255e-01
1.340725806451613100e-01
2.651209677419354982e-01
1.653225806451613100e-01
1.723790322580645018e-01
3.004032258064516236e-01
1.955645161290322509e-01
2.288306451612903136e-01
1.602822580645161255e-01
3.558467741935483764e-01
2.983870967741935609e-01
1.139112903225806411e-01
1.693548387096774355e-01
1.733870967741935609e-01
1.733870967741935609e-01
1.733870967741935609e-01
2.570564516129032473e-01
1.149193548387096725e-01
1.290322580645161255e-01
1.370967741935483764e-01
3.034274193548386900e-01
1.643145161290322509e-01
2.096774193548386900e-01
3.346774193548386900e-01
2.137096774193548709e-01
1.965725806451613100e-01
1.975806451612903136e-01
2.137096774193548709e-01
1.975806451612903136e-01
1.945564516129032473e-01
2.016129032258064391e-01
1.481854838709677491e-01
2.227822580645161255e-01
2.006048387096774355e-01
1.754032258064516236e-01
1.360887096774193727e-01
1.955645161290322509e-01
2.227822580645161255e-01
2.449596774193548709e-01
1.310483870967741882e-01
7.762096774193548432e-02
8.064516129032257841e-02
1.431451612903225645e-01
1.078629032258064530e-01
4.435483870967742159e-02
9.173387096774192340e-02
1.391129032258064391e-01
1.078629032258064530e-01
1.330645161290322509e-01
1.350806451612903136e-01
1.199596774193548293e-01
2.036290322580645018e-01
6.552419354838710797e-02
7.358870967741935887e-02
2.429435483870968082e-01
1.038306451612903275e-01
2.036290322580645018e-01
2.167338709677419373e-01
1.995967741935483764e-01
2.409274193548386900e-01
2.278225806451613100e-01
1.754032258064516236e-01
1.391129032258064391e-01
1.875000000000000000e-01
2.066532258064516236e-01
2.066532258064516236e-01
2.096774193548386900e-01
2.227822580645161255e-01
1.350806451612903136e-01
7.157258064516129614e-02
1.088709677419354843e-01
1.622983870967741882e-01
1.129032258064516098e-01
2.207661290322580627e-01
2.137096774193548709e-01
2.368951612903225645e-01
2.701612903225806273e-01
9.374999999999998612e-02
2.449596774193548709e-01
7.258064516129032751e-02
2.610887096774193727e-01
2.207661290322580627e-01
2.459677419354838745e-01
2.500000000000000000e-01
2.328629032258064391e-01
2.560483870967741882e-01
2.479838709677419373e-01
2.842741935483871218e-01
2.258064516129032473e-01
2.368951612903225645e-01
1.159274193548387039e-01
2.500000000000000000e-01
2.610887096774193727e-01
2.872983870967741882e-01
2.137096774193548709e-01
2.066532258064516236e-01
2.600806451612903136e-01
2.439516129032258118e-01
2.681451612903225645e-01
2.762096774193548709e-01
2.278225806451613100e-01
2.258064516129032473e-01
2.479838709677419373e-01
