# Beginnings of intervals of 0.05s for shots [22123 23354 23431 23436 23488 23583 23584 23585 23586 23592 23598 23600
#  23601 23616 23617 23618 23620 23621 25893 26183 26192 26195 26196 26197
#  26198 26208 26212 26213 26214 26215 26218 26221 26222 26225 26226 26228
#  26229 26230 26231 26232 26233 26234 26238 26239 26240 26241 26242 26243
#  26244 26245 26246 26250 26251 26364 26365 26366 26367 26368 26369 26371
#  26372 26373 26374 26377 26378 26383 26386 26387 26389 26390 26392 26394
#  26397 26398 26399 26400 26401 26402 26404 26405 26406 26407 26409 26416
#  26417 26434 26436 26437 26438 26439 26440 26535 26536 26537 26540 26541
#  26542 26543 26544 26546]
1.239919354838709548e-01
0.000000000000000000e+00
1.713709677419354982e-01
1.683467741935483764e-01
1.572580645161290036e-01
1.653225806451613100e-01
1.350806451612903136e-01
1.370967741935483764e-01
1.431451612903225645e-01
1.451612903225806273e-01
1.431451612903225645e-01
1.683467741935483764e-01
1.854838709677419373e-01
1.058467741935483902e-01
1.078629032258064530e-01
7.661290322580645296e-02
9.576612903225804885e-02
1.028225806451612961e-01
0.000000000000000000e+00
8.064516129032257841e-02
6.249999999999998612e-02
8.971774193548386067e-02
3.629032258064515681e-02
1.491935483870967527e-01
1.340725806451613100e-01
1.905241935483871218e-01
8.366935483870967249e-02
1.864919354838709964e-01
1.895161290322580627e-01
1.864919354838709964e-01
0.000000000000000000e+00
0.000000000000000000e+00
1.965725806451613100e-01
1.915322580645161255e-01
1.733870967741935609e-01
1.814516129032258118e-01
2.127016129032258118e-01
2.197580645161290591e-01
1.955645161290322509e-01
1.713709677419354982e-01
1.350806451612903136e-01
1.108870967741935470e-01
7.358870967741935887e-02
1.864919354838709964e-01
1.794354838709677491e-01
1.995967741935483764e-01
1.542338709677419373e-01
1.280241935483870663e-01
7.661290322580645296e-02
7.661290322580645296e-02
6.552419354838710797e-02
7.963709677419354704e-02
1.451612903225806273e-01
1.633064516129032473e-01
8.971774193548386067e-02
1.935483870967741882e-01
1.088709677419354843e-01
1.945564516129032473e-01
1.643145161290322509e-01
2.096774193548386900e-01
1.219758064516128920e-01
2.187500000000000000e-01
2.923387096774193727e-02
1.159274193548387039e-01
9.576612903225804885e-02
2.076612903225806273e-01
1.844758064516129337e-01
1.854838709677419373e-01
2.237903225806451846e-01
1.885080645161290591e-01
2.338709677419354982e-01
2.056451612903225645e-01
7.560483870967742159e-02
1.784274193548387455e-01
2.399193548387096864e-01
2.258064516129032473e-01
1.703629032258064391e-01
1.743951612903225645e-01
1.955645161290322509e-01
2.157258064516129337e-01
8.870967741935482931e-02
8.064516129032257841e-02
8.870967741935482931e-02
6.350806451612901748e-02
6.350806451612901748e-02
9.072580645161289203e-02
2.217741935483871218e-01
1.693548387096774355e-01
2.883064516129032473e-01
2.812500000000000000e-01
4.133064516129032473e-01
2.459677419354838745e-01
2.258064516129032473e-01
2.258064516129032473e-01
1.925403225806451846e-01
2.318548387096774355e-01
1.643145161290322509e-01
1.280241935483870663e-01
8.971774193548386067e-02
2.076612903225806273e-01
