# Beginnings of intervals of 0.05 s for shots [26390 26394 26404 26407 26409 26544 26553 27711 27713 27747 27752 27769
#  27771 27772 27773 27774 27775 27780 27781 27782 27784 27791 27821 27822
#  27823 27824 27825 27826 27830 27837 27859 27861 27862 27901 27917 27922
#  27929 27931 27997 28012 28019 28020 28032 28051 28052 28053 28058 28060
#  28071 28074 28076 28177 28178 28181 28182 28183 28184 28185 28186 28187
#  28188 28197 28200 28201 28202 28203 28204 28206 28208 28209 28210 28211
#  28213 28215 28216 28259 28260 28261 28262 28263 28264 28268 28269 28270
#  28274 28275 28276 28303 28306 28307 28318 28322 28323 28325 28326 28329
#  28339 28346 28347]
1.411290322580645018e-01
1.885080645161290591e-01
1.774193548387096864e-01
1.018145161290322648e-01
9.072580645161289203e-02
1.330645161290322509e-01
2.187500000000000000e-01
5.141129032258064113e-02
8.770161290322579795e-02
2.973790322580645018e-01
1.643145161290322509e-01
2.752016129032258118e-01
2.086693548387096864e-01
1.814516129032258118e-01
2.207661290322580627e-01
2.247983870967741882e-01
2.157258064516129337e-01
2.227822580645161255e-01
2.328629032258064391e-01
2.358870967741935609e-01
2.711693548387096864e-01
1.995967741935483764e-01
2.701612903225806273e-01
2.570564516129032473e-01
2.298387096774193727e-01
2.883064516129032473e-01
3.125000000000000000e-01
2.691532258064516236e-01
2.973790322580645018e-01
2.207661290322580627e-01
2.167338709677419373e-01
2.187500000000000000e-01
2.691532258064516236e-01
2.217741935483871218e-01
1.532258064516128782e-01
1.733870967741935609e-01
2.782258064516129337e-01
2.762096774193548709e-01
1.875000000000000000e-01
2.620967741935483764e-01
2.741935483870968082e-01
1.461693548387096864e-01
1.290322580645161255e-01
1.875000000000000000e-01
2.933467741935483764e-01
2.822580645161290591e-01
8.669354838709676658e-02
2.661290322580645018e-01
1.935483870967741882e-01
2.469758064516129337e-01
3.004032258064516236e-01
2.389112903225806273e-01
2.580645161290322509e-01
2.570564516129032473e-01
2.227822580645161255e-01
2.399193548387096864e-01
2.278225806451613100e-01
2.207661290322580627e-01
2.237903225806451846e-01
1.532258064516128782e-01
2.278225806451613100e-01
3.135080645161290591e-01
2.631048387096774355e-01
2.560483870967741882e-01
2.671370967741935609e-01
2.389112903225806273e-01
2.489919354838709964e-01
1.461693548387096864e-01
2.953629032258064391e-01
2.026209677419354982e-01
1.441532258064516236e-01
1.169354838709677352e-01
1.391129032258064391e-01
1.471774193548386900e-01
1.239919354838709548e-01
1.411290322580645018e-01
1.461693548387096864e-01
1.552419354838709409e-01
1.340725806451613100e-01
1.723790322580645018e-01
1.350806451612903136e-01
2.137096774193548709e-01
2.530241935483871218e-01
2.137096774193548709e-01
1.743951612903225645e-01
7.762096774193548432e-02
1.743951612903225645e-01
2.127016129032258118e-01
1.965725806451613100e-01
1.905241935483871218e-01
2.399193548387096864e-01
1.774193548387096864e-01
1.885080645161290591e-01
2.631048387096774355e-01
2.651209677419354982e-01
2.368951612903225645e-01
1.401209677419354982e-01
1.159274193548387039e-01
2.237903225806451846e-01
