# Beginnings of intervals of 0.05s for shots [28183 28184 28185 28186 28187 28188 28189 28191 28193 28197 28200 28201
#  28206 28207 28209 28210 28211 28212 28214 28215 28216 28259 28260 28262
#  28270 28272 28275 28280 28281 28315 28316 28317 28318 28319 28320 28322
#  28323 28327 28328 28329 28330 28333 28334 28335 28340 28346 28347 28982
#  29025 29034 29035 29036 29037 29039 29047 29050 29056 29058 29061 29195
#  29197 29198 29199 29200 29201 29205 29207 29208 29210 29219 29222 29975
#  29978 29982 29983 29994]
2.137096774193548709e-01
1.975806451612903136e-01
1.945564516129032473e-01
2.016129032258064391e-01
1.481854838709677491e-01
2.227822580645161255e-01
2.006048387096774355e-01
1.754032258064516236e-01
1.360887096774193727e-01
1.955645161290322509e-01
2.227822580645161255e-01
2.449596774193548709e-01
1.310483870967741882e-01
7.762096774193548432e-02
8.064516129032257841e-02
1.431451612903225645e-01
1.078629032258064530e-01
4.435483870967742159e-02
9.173387096774192340e-02
1.391129032258064391e-01
1.078629032258064530e-01
1.330645161290322509e-01
1.350806451612903136e-01
1.199596774193548293e-01
2.036290322580645018e-01
6.552419354838710797e-02
7.358870967741935887e-02
2.429435483870968082e-01
1.038306451612903275e-01
2.036290322580645018e-01
2.167338709677419373e-01
1.995967741935483764e-01
2.409274193548386900e-01
2.278225806451613100e-01
1.754032258064516236e-01
1.391129032258064391e-01
1.875000000000000000e-01
2.066532258064516236e-01
2.066532258064516236e-01
2.096774193548386900e-01
2.227822580645161255e-01
1.350806451612903136e-01
7.157258064516129614e-02
1.088709677419354843e-01
1.622983870967741882e-01
1.129032258064516098e-01
2.207661290322580627e-01
2.137096774193548709e-01
2.368951612903225645e-01
2.701612903225806273e-01
9.374999999999998612e-02
2.449596774193548709e-01
7.258064516129032751e-02
2.610887096774193727e-01
2.207661290322580627e-01
2.459677419354838745e-01
2.500000000000000000e-01
2.328629032258064391e-01
2.560483870967741882e-01
2.479838709677419373e-01
2.842741935483871218e-01
2.258064516129032473e-01
2.368951612903225645e-01
1.159274193548387039e-01
2.500000000000000000e-01
2.610887096774193727e-01
2.872983870967741882e-01
2.137096774193548709e-01
2.066532258064516236e-01
2.600806451612903136e-01
2.439516129032258118e-01
2.681451612903225645e-01
2.762096774193548709e-01
2.278225806451613100e-01
2.258064516129032473e-01
2.479838709677419373e-01
