22123
23354
23431
23436
23488
23584
23585
23586
23598
23600
23601
23616
23617
23618
23620
23621
26364
26365
26367
26372
26373
26374
26386
26387
26389
26392
26394
26404
26406
26407
26409
26581
26582
26583
26585
26586
26587
27466
27470
27472
27734
27740
27743
27747
27748
27749
27751
27754
27755
27769
27771
27772
27773
27774
27775
27784
27788
27793
27794
27795
27797
27798
27821
27822
27842
27859
27860
27861
27862
27864
27865
27867
27868
27870
27871
27875
27876
27888
27889
27899
27903
27905
27908
27909
27917
27919
27921
27923
27931
27933
27934
27936
27938
27997
28005
28006
28011
28012
28013
28014
28020
28030
28031
28032
28036
28037
28041
28042
28043
28045
28046
28049
28050
28051
28056
28057
28058
28059
28060
28066
28067
28068
28071
28076
28079
28086
28113
28114
28116
28118
28119
28121
28122
28123
28124
28129
28130
28132
28133
28134
28135
28136
28144
28145
28146
28148
28153
28155
28156
28182
28183
28184
28185
28186
28187
28188
28189
28191
28193
28197
28200
28201
28206
28207
28209
28210
28211
28212
28214
28215
28216
28259
28260
28262
28270
28272
28275
28280
28281
28315
28316
28317
28318
28319
28320
28322
28323
28327
28328
28329
28330
28333
28334
28335
28346
28347
28982
29025
29034
29035
29036
29037
29039
29047
29050
29056
29058
29061
29195
29197
29198
29199
29200
29201
29205
29207
29208
29210
29219
29222
29975
29978
29982
29983
29994
