22123
23354
23431
23436
23488
23583
23584
23585
23586
23590
23591
23592
23593
23594
23595
23596
23597
23598
23600
23601
23602
23603
23604
23605
23606
23607
23616
23617
23618
23619
23620
23621
25893
25895
25896
25897
25898
25899
25900
25901
25902
25903
25904
25905
25906
25907
25908
25909
25910
25911
26117
26118
26119
26121
26131
26132
26133
26134
26135
26136
26137
26138
26139
26140
26149
26150
26151
26152
26153
26154
26155
26156
26162
26163
26164
26165
26166
26167
26168
26169
26170
26171
26172
26173
26174
26175
26176
26177
26178
26180
26181
26182
26183
26184
26185
26187
26190
26191
26192
26195
26196
26197
26198
26200
26201
26202
26203
26204
26208
26210
26211
26212
26213
26214
26215
26218
26221
26222
26225
26226
26228
26229
26230
26231
26232
26233
26234
26236
26237
26238
26239
26240
26241
26242
26243
26244
26245
26246
26247
26248
26249
26250
26251
26364
26365
26366
26367
26368
26369
26371
26372
26373
26374
26377
26378
26383
26386
26387
26388
26389
26390
26391
26392
26394
26395
26396
26397
26398
26399
26400
26401
26402
26404
26405
26406
26407
26408
26409
26410
26411
26412
26413
26416
26417
26428
26430
26431
26433
26434
26436
26437
26438
26439
26440
26533
26534
26535
26536
26537
26540
26541
26542
26543
26544
26546
26550
26551
26552
26553
26554
26555
26564
26565
26566
26567
26568
26571
26572
26573
26574
26575
26576
26578
26579
26580
26581
26582
26583
26584
26585
26586
26587
26592
26593
26756
26757
26758
26759
26763
26764
26765
26766
26767
27455
27456
27457
27462
27463
27464
27465
27466
27467
27468
27469
27470
27472
27473
27623
27624
27625
27627
27628
27629
27630
27631
27632
27633
27634
27635
27636
27637
27638
27639
27640
27641
27642
27681
27682
27683
27684
27687
27688
27689
27690
27692
27693
27694
27695
27696
27697
27698
27699
27700
27701
27702
27703
27705
27706
27707
27709
27711
27712
27713
27714
27715
27716
27717
27718
27719
27720
27721
27722
27724
27725
27726
27728
27729
27730
27731
27732
27734
27735
27736
27738
27740
27741
27742
27743
27744
27745
27746
27747
27748
27749
27750
27751
27752
27754
27755
27763
27764
27765
27766
27767
27768
27769
27771
27772
27773
27774
27775
27777
27778
27779
27780
27781
27782
27784
27786
27787
27788
27789
27790
27791
27792
27793
27794
27795
27796
27797
27798
27800
27805
27808
27809
27810
27811
27813
27814
27815
27816
27817
27818
27819
27820
27821
27822
27823
27824
27825
27826
27828
27829
27830
27832
27833
27834
27837
27838
27841
27842
27844
27845
27846
27847
27848
27849
27850
27851
27852
27854
27855
27856
27857
27858
27859
27860
27861
27862
27863
27864
27865
27866
27867
27868
27869
27870
27871
27872
27873
27874
27875
27876
27877
27878
27879
27880
27881
27883
27884
27885
27886
27887
27888
27889
27890
27891
27892
27893
27894
27895
27896
27897
27898
27899
27901
27903
27904
27905
27907
27908
27909
27910
27911
27912
27913
27914
27915
27916
27917
27918
27919
27920
27921
27922
27923
27924
27926
27927
27928
27929
27931
27932
27933
27934
27935
27936
27937
27938
27939
27940
27941
27943
27945
27946
27948
27949
27950
27951
27952
27953
27954
27955
27956
27957
27958
27959
27960
27962
27963
27964
27965
27966
27967
27968
27969
27970
27972
27973
27974
27976
27984
27985
27986
27987
27988
27990
27993
27994
27995
27996
27997
27998
27999
28000
28002
28003
28004
28005
28006
28007
28008
28009
28010
28011
28012
28013
28014
28015
28016
28017
28018
28019
28020
28021
28023
28024
28025
28026
28027
28028
28029
28030
28031
28032
28033
28034
28035
28036
28037
28038
28039
28040
28041
28042
28043
28044
28045
28046
28047
28048
28049
28050
28051
28052
28053
28054
28055
28056
28057
28058
28059
28060
28061
28062
28063
28064
28065
28066
28067
28068
28069
28070
28071
28072
28073
28074
28075
28076
28077
28078
28079
28081
28082
28083
28084
28085
28086
28087
28088
28089
28090
28091
28092
28094
28095
28097
28098
28099
28100
28101
28102
28103
28104
28105
28106
28107
28110
28112
28113
28114
28115
28116
28118
28119
28120
28121
28122
28123
28124
28125
28126
28127
28128
28129
28130
28131
28132
28133
28134
28135
28136
28138
28139
28140
28141
28144
28145
28146
28148
28149
28152
28153
28154
28155
28156
28157
28158
28159
28160
28161
28162
28163
28164
28165
28166
28167
28168
28169
28170
28171
28172
28173
28175
28176
28177
28178
28179
28181
28182
28183
28184
28185
28186
28187
28188
28189
28190
28191
28192
28193
28194
28195
28196
28197
28200
28201
28202
28203
28204
28206
28207
28208
28209
28210
28211
28212
28213
28214
28215
28216
28217
28218
28219
28220
28221
28222
28223
28224
28225
28226
28227
28228
28229
28230
28231
28232
28233
28234
28235
28237
28239
28240
28241
28242
28243
28244
28245
28246
28247
28248
28249
28255
28256
28258
28259
28260
28261
28262
28263
28264
28266
28267
28268
28269
28270
28272
28273
28274
28275
28276
28277
28278
28279
28280
28281
28287
28288
28289
28290
28291
28292
28303
28304
28305
28306
28307
28313
28314
28315
28316
28317
28318
28319
28320
28321
28322
28323
28324
28325
28326
28327
28328
28329
28330
28331
28332
28333
28334
28335
28336
28337
28338
28339
28340
28346
28347
28348
28349
28350
28351
28352
28354
28584
28619
28620
28621
28628
28629
28630
28631
28632
28640
28642
28643
28644
28647
28648
28649
28651
28652
28653
28655
28656
28657
28658
28659
28660
28739
28740
28743
28744
28745
28746
28747
28748
28749
28750
28751
28752
28754
28755
28757
28758
28763
28764
28765
28766
28767
28768
28769
28770
28771
28772
28774
28775
28776
28777
28778
28779
28780
28781
28782
28783
28784
28785
28786
28787
28788
28791
28794
28796
28798
28801
28802
28803
28804
28808
28809
28810
28811
28815
28816
28817
28818
28819
28820
28823
28824
28825
28826
28827
28828
28829
28830
28831
28832
28833
28834
28835
28836
28837
28838
28839
28840
28841
28842
28843
28854
28855
28856
28857
28858
28860
28861
28863
28864
28865
28866
28867
28868
28911
28912
28920
28921
28922
28923
28924
28925
28926
28927
28928
28934
28938
28939
28940
28941
28942
28943
28946
28947
28948
28949
28950
28951
28954
28955
28956
28957
28958
28959
28962
28963
28975
28977
28978
28979
28980
28981
28982
28983
28984
28985
28986
28988
28989
28991
28992
29017
29018
29019
29020
29021
29023
29025
29026
29027
29028
29029
29030
29031
29032
29033
29034
29035
29036
29037
29038
29039
29047
29049
29050
29052
29053
29054
29056
29058
29059
29060
29061
29062
29191
29193
29194
29195
29196
29197
29198
29199
29200
29201
29202
29203
29204
29205
29206
29207
29208
29209
29210
29212
29213
29214
29215
29216
29218
29219
29221
29222
29223
29944
29945
29946
29947
29948
29949
29951
29952
29953
29954
29955
29956
29957
29958
29959
29960
29961
29962
29963
29964
29966
29969
29970
29971
29972
29974
29975
29978
29980
29981
29982
29983
29985
29986
29987
29988
29989
29991
29992
29993
29994
29999
30004
