25028
25056
25057
25063
25066
25067
25071
25075
25893
25894
25895
25896
25897
25898
25899
25900
25901
25902
25903
25904
25905
25906
25907
25908
25909
25910
25911
25937
25938
25939
25940
25941
25942
25943
25944
25945
25946
25947
25948
25949
25950
25951
25952
25953
25954
25955
25956
25957
25958
25959
25960
25961
25962
25963
25964
25965
25966
25967
25968
25969
25970
25971
25972
25973
25975
25976
25977
25978
25979
25980
25981
25982
25983
25984
25985
25986
25987
25988
25989
25990
25991
25992
25993
25994
25995
25996
25997
25998
25999
26000
26001
26002
26003
26004
26005
26006
26007
26008
26009
26010
26011
26012
26013
26014
26015
26016
26017
26018
26019
26020
26023
26024
26025
26026
26027
26028
26029
26030
26031
26032
26033
26035
26036
26037
26038
26039
26040
26041
26042
26043
26044
26045
26046
26047
26048
26049
26050
26051
26052
26055
26057
26061
26063
26064
26065
26066
26067
26068
26069
26070
26071
26072
26073
26074
26075
26076
26077
26078
26080
26081
26082
26083
26084
26085
26086
26087
26088
26089
26090
26091
26093
26094
26095
26096
26097
26098
26099
26100
26101
26102
26104
26105
26106
26107
26108
26109
26110
26111
26112
26113
26114
26115
26116
26117
26118
26119
26120
26121
26122
26123
26124
26125
26126
26127
26128
26129
26130
26131
26132
26133
26134
26135
26136
26137
26138
26139
26140
26141
26142
26143
26144
26145
26146
26147
26148
26149
26150
26151
26152
26153
26154
26155
26156
26157
26159
26162
26163
26164
26165
26166
26167
26168
26169
26170
26171
26172
26173
26174
26175
26176
26177
26178
26180
26181
26182
26183
26184
26185
26187
26188
26190
26191
26192
26194
26195
26196
26197
26198
26200
26201
26202
26203
26204
26205
26208
26210
26211
26212
26213
26214
26215
26218
26221
26222
26224
26225
26226
26228
26229
26230
26231
26232
26233
26234
26236
26237
26238
26239
26240
26241
26242
26243
26244
26245
26246
26247
26248
26249
26250
26251
26293
26295
26318
26319
26320
26321
26322
26323
26324
26325
26364
26365
26366
26367
26368
26369
26371
26372
26373
26374
26377
26378
26383
26386
26387
26388
26389
26390
26391
26392
26394
26395
26396
26397
26398
26399
26400
26401
26402
26404
26405
26406
26407
26408
26409
26410
26411
26412
26413
26414
26416
26417
26428
26430
26431
26433
26434
26436
26437
26438
26439
26440
26442
26445
26447
26448
26468
26469
26470
26472
26474
26476
26477
26478
26481
26482
26484
26487
26489
26490
26491
26492
26493
26496
26497
26498
26502
26504
26505
26506
26507
26510
26511
26512
26513
26515
26516
26517
26521
26523
26525
26526
26527
26528
26529
26530
26531
26532
26533
26534
26535
26536
26537
26540
26541
26542
26543
26544
26546
26550
26551
26552
26553
26554
26555
26564
26565
26566
26567
26568
26571
26572
26573
26574
26575
26576
26578
26579
26580
26581
26582
26583
26584
26585
26586
26587
26592
26593
26595
26596
26597
26599
26600
26601
26602
26603
26604
26606
26607
26611
26612
26613
26614
26615
26617
26619
26620
26622
26623
26626
26627
26628
26630
26632
26633
26635
26636
26637
26638
26639
26640
26641
26642
26643
26646
26647
26648
26651
26652
26654
26660
26756
26757
26758
26759
26761
26762
26763
26764
26765
26766
26767
27455
27456
27457
27462
27463
27464
27465
27466
27467
27468
27469
27470
27472
27473
27474
27475
27622
27623
27624
27625
27626
27627
27628
27629
27630
27631
27632
27633
27634
27635
27636
27637
27638
27639
27640
27641
27642
27649
27650
27651
27652
27653
27654
27655
27656
27660
27661
27662
27663
27664
27665
27666
27667
27668
27669
27670
27671
27672
27673
27674
27675
27676
27677
27678
27680
27681
27682
27683
27684
27686
27687
27688
27689
27690
27692
27693
27694
27695
27696
27697
27698
27699
27700
27701
27702
27703
27705
27706
27707
27709
27710
27711
27712
27713
27714
27715
27716
27717
27718
27719
27720
27721
27722
27724
27725
27726
27727
27728
27729
27730
27731
27732
27734
27735
27736
27737
27738
27740
27741
27742
27743
27744
27745
27746
27747
27748
27749
27750
27751
27752
27753
27754
27755
27756
27757
27758
27759
27760
27762
27763
27764
27765
27766
27767
27768
27769
27771
27772
27773
27774
27775
27777
27778
27779
27780
27781
27782
27784
27785
27786
27787
27788
27789
27790
27791
27792
27793
27794
27795
27796
27797
27798
27800
27801
27802
27804
27805
27806
27807
27808
27809
27810
27811
27812
27813
27814
27815
27816
27817
27818
27819
27820
27821
27822
27823
27824
27825
27826
27828
27829
27830
27832
27833
27834
27835
27836
27837
27838
27840
27841
27842
27843
27844
27845
27846
27847
27848
27849
27850
27851
27852
27854
27855
27856
27857
27858
27859
27860
27861
27862
27863
27864
27865
27866
27867
27868
27869
27870
27871
27872
27873
27874
27875
27876
27877
27878
27879
27880
27881
27882
27883
27884
27885
27886
27887
27888
27889
27890
27891
27892
27893
27894
27895
27896
27897
27898
27899
27901
27903
27904
27905
27907
27908
27909
27910
27911
27912
27913
27914
27915
27916
27917
27918
27919
27920
27921
27922
27923
27924
27926
27927
27928
27929
27930
27931
27932
27933
27934
27935
27936
27937
27938
27939
27940
27941
27943
27945
27946
27948
27949
27950
27951
27952
27953
27954
27955
27956
27957
27958
27959
27960
27962
27963
27964
27965
27966
27967
27968
27969
27970
27971
27972
27973
27974
27975
27976
27984
27985
27986
27987
27988
27990
27993
27994
27995
27996
27997
27998
27999
28000
28001
28002
28003
28004
28005
28006
28007
28008
28009
28010
28011
28012
28013
28014
28015
28016
28017
28018
28019
28020
28021
28023
28024
28025
28026
28027
28028
28029
28030
28031
28032
28033
28034
28035
28036
28037
28038
28039
28040
28041
28042
28043
28044
28045
28046
28047
28048
28049
28050
28051
28052
28053
28054
28055
28056
28057
28058
28059
28060
28061
28062
28063
28064
28065
28066
28067
28068
28069
28070
28071
28072
28073
28074
28075
28076
28077
28078
28079
28081
28082
28083
28084
28085
28086
28087
28088
28089
28090
28091
28092
28094
28095
28097
28098
28099
28100
28101
28102
28103
28104
28105
28106
28107
28109
28110
28112
28113
28114
28115
28116
28117
28118
28119
28120
28121
28122
28123
28124
28125
28126
28127
28128
28129
28130
28131
28132
28133
28134
28135
28136
28137
28138
28139
28140
28141
28144
28145
28146
28148
28149
28150
28151
28152
28153
28154
28155
28156
28157
28158
28159
28160
28161
28162
28163
28164
28165
28166
28167
28168
28169
28170
28171
28172
28173
28175
28176
28177
28178
28179
28180
28181
28182
28183
28184
28185
28186
28187
28188
28189
28190
28191
28192
28193
28194
28195
28196
28197
28198
28199
28200
28201
28202
28203
28204
28206
28207
28208
28209
28210
28211
28212
28213
28214
28215
28216
28217
28218
28219
28220
28221
28222
28223
28224
28225
28226
28227
28228
28229
28230
28231
28232
28233
28234
28235
28237
28239
28240
28241
28242
28243
28244
28245
28246
28247
28248
28249
28250
28252
28253
28254
28255
28256
28258
28259
28260
28261
28262
28263
28264
28266
28267
28268
28269
28270
28272
28273
28274
28275
28276
28277
28278
28279
28280
28281
28282
28283
28284
28285
28286
28287
28288
28289
28290
28291
28292
28293
28294
28295
28296
28297
28298
28299
28300
28301
28302
28303
28304
28305
28306
28307
28313
28314
28315
28316
28317
28318
28319
28320
28321
28322
28323
28324
28325
28326
28327
28328
28329
28330
28331
28332
28333
28334
28335
28336
28337
28338
28339
28340
28341
28342
28343
28344
28345
28346
28347
28348
28349
28350
28351
28352
28354
28416
28417
28418
28420
28421
28422
28423
28424
28425
28426
28427
28428
28429
28584
28589
28590
28591
28592
28597
28598
28599
28600
28601
28602
28603
28604
28605
28618
28619
28620
28621
28627
28628
28629
28630
28631
28632
28638
28640
28641
28642
28643
28644
28647
28648
28649
28651
28652
28653
28655
28656
28657
28658
28659
28660
28739
28740
28743
28744
28745
28746
28747
28748
28749
28750
28751
28752
28754
28755
28757
28758
28763
28764
28765
28766
28767
28768
28769
28770
28771
28772
28773
28774
28775
28776
28777
28778
28779
28780
28781
28782
28783
28784
28785
28786
28787
28788
28791
28794
28796
28798
28801
28802
28803
28804
28808
28809
28810
28811
28815
28816
28817
28818
28819
28820
28823
28824
28825
28826
28827
28828
28829
28830
28831
28832
28833
28834
28835
28836
28837
28838
28839
28840
28841
28842
28843
28848
28849
28851
28852
28853
28854
28855
28856
28857
28858
28860
28861
28863
28864
28865
28866
28867
28868
28911
28912
28920
28921
28922
28923
28924
28925
28926
28927
28928
28929
28930
28933
28934
28935
28938
28939
28940
28941
28942
28943
28946
28947
28948
28949
28950
28951
28954
28955
28956
28957
28958
28959
28962
28963
28975
28977
28978
28979
28980
28981
28982
28983
28984
28985
28986
28988
28989
28990
28991
28992
29017
29018
29019
29020
29021
29022
29023
29025
29026
29027
29028
29029
29030
29031
29032
29033
29034
29035
29036
29037
29038
29039
29046
29047
29049
29050
29052
29053
29054
29056
29058
29059
29060
29061
29062
29065
29066
29067
29069
29070
29071
29072
29073
29074
29076
29077
29079
29086
29087
29088
29089
29102
29104
29162
29163
29164
29165
29166
29168
29169
29171
29172
29174
29175
29176
29177
29178
29180
29181
29182
29189
29190
29191
29193
29194
29195
29196
29197
29198
29199
29200
29201
29202
29203
29204
29205
29206
29207
29208
29209
29210
29212
29213
29214
29215
29216
29218
29219
29221
29222
29223
29224
29225
29226
29227
29228
29229
29230
29231
29232
29233
29235
29236
29237
29238
29239
29240
29241
29242
29243
29244
29245
29246
29247
29248
29249
29250
29251
29252
29253
29254
29255
29256
29257
29259
29260
29261
29262
29263
29264
29265
29266
29267
29268
29269
29270
29271
29272
29273
29274
29275
29276
29301
29302
29303
29304
29305
29306
29307
29308
29309
29310
29312
29313
29314
29315
29317
29318
29319
29320
29321
29322
29327
29328
29330
29331
29332
29333
29334
29335
29336
29337
29338
29341
29342
29344
29345
29346
29347
29348
29349
29351
29352
29359
29361
29362
29364
29365
29366
29368
29369
29371
29372
29373
29375
29376
29377
29378
29379
29380
29381
29382
29384
29385
29387
29388
29389
29390
29392
29398
29399
29400
29401
29402
29403
29404
29406
29407
29408
29409
29410
29411
29412
29413
29414
29415
29416
29417
29418
29419
29420
29421
29423
29424
29425
29426
29427
29428
29429
29430
29431
29432
29434
29435
29436
29437
29438
29439
29440
29441
29442
29443
29444
29445
29446
29447
29450
29451
29452
29453
29454
29455
29457
29461
29462
29463
29464
29465
29469
29470
29471
29472
29473
29474
29475
29477
29479
29481
29482
29483
29484
29485
29486
29487
29488
29489
29490
29492
29493
29494
29495
29496
29497
29498
29499
29500
29501
29502
29503
29504
29505
29506
29507
29512
29513
29514
29515
29516
29517
29518
29519
29520
29521
29522
29524
29525
29530
29531
29532
29533
29534
29536
29537
29538
29539
29541
29542
29543
29545
29547
29548
29549
29550
29552
29554
29556
29557
29558
29559
29560
29561
29562
29563
29564
29565
29566
29567
29568
29569
29570
29571
29572
29573
29574
29575
29576
29578
29580
29581
29582
29583
29584
29585
29586
29587
29588
29590
29591
29592
29593
29595
29596
29597
29598
29601
29602
29603
29604
29605
29606
29608
29609
29610
29611
29612
29613
29614
29615
29616
29617
29618
29619
29621
29625
29626
29628
29629
29630
29631
29632
29633
29634
29635
29636
29637
29638
29639
29640
29641
29642
29643
29645
29646
29648
29649
29650
29651
29652
29653
29656
29657
29659
29660
29662
29666
29668
29669
29670
29671
29673
29674
29675
29676
29677
29678
29679
29681
29683
29684
29685
29686
29687
29688
29690
29692
29693
29695
29696
29697
29698
29699
29700
29702
29705
29706
29707
29708
29709
29711
29713
29714
29715
29716
29717
29718
29720
29722
29723
29724
29725
29726
29732
29733
29734
29735
29737
29738
29739
29741
29742
29743
29746
29747
29748
29749
29750
29751
29752
29753
29754
29758
29759
29761
29762
29763
29764
29765
29766
29767
29768
29769
29771
29775
29776
29777
29778
29780
29781
29782
29783
29784
29785
29786
29790
29791
29794
29795
29796
29799
29800
29801
29803
29804
29806
29807
29808
29809
29811
29812
29813
29814
29815
29818
29820
29821
29823
29824
29825
29826
29827
29828
29829
29831
29832
29834
29835
29837
29838
29839
29840
29841
29843
29845
29846
29848
29849
29851
29852
29853
29854
29855
29859
29862
29872
29873
29874
29875
29876
29877
29878
29879
29880
29881
29882
29883
29884
29885
29887
29888
29889
29890
29891
29892
29893
29894
29895
29896
29899
29901
29902
29904
29905
29906
29907
29908
29909
29910
29911
29912
29914
29915
29916
29917
29924
29925
29926
29927
29928
29929
29930
29931
29932
29933
29934
29935
29936
29938
29939
29940
29941
29944
29945
29946
29947
29948
29949
29951
29952
29953
29954
29955
29956
29957
29958
29959
29960
29961
29962
29963
29964
29966
29969
29970
29971
29972
29974
29975
29976
29978
29980
29981
29982
29983
29985
29986
29987
29988
29989
29991
29992
29993
29994
29999
