22123
23354
23431
23436
23488
23583
23584
23585
23586
23592
23598
23600
23601
23616
23617
23618
23620
23621
26364
26365
26366
26367
26368
26369
26371
26372
26373
26374
26377
26378
26383
26386
26387
26389
26390
26392
26394
26404
26405
26406
26407
26409
26544
26546
26550
26551
26552
26553
26554
26555
26573
26574
26575
26576
26578
26579
26580
26581
26582
26583
26584
26585
26586
26587
27466
27467
27469
27470
27472
27633
27634
27635
27636
27637
27638
27639
27640
27641
27642
27732
27734
27740
27741
27742
27743
27747
27748
27749
27751
27754
27755
27765
27766
27767
27769
27771
27772
27773
27774
27775
27780
27781
27782
27784
27786
27787
27788
27789
27790
27791
27792
27793
27794
27795
27796
27797
27798
27805
27811
27813
27814
27816
27817
27821
27822
27823
27824
27832
27837
27842
27846
27847
27848
27849
27850
27851
27854
27855
27859
27860
27861
27862
27863
27864
27865
27867
27868
27870
27871
27872
27873
27874
27875
27876
27877
27880
27886
27887
27888
27889
27890
27891
27892
27893
27894
27895
27896
27897
27898
27899
27901
27903
27904
27905
27907
27908
27909
27910
27911
27912
27917
27918
27919
27920
27921
27923
27924
27927
27928
27929
27931
27932
27933
27934
27935
27936
27937
27938
27997
27998
27999
28000
28002
28003
28004
28005
28006
28010
28011
28012
28013
28014
28015
28016
28017
28018
28019
28020
28021
28023
28027
28028
28029
28030
28031
28032
28033
28034
28035
28036
28037
28041
28042
28043
28044
28045
28046
28047
28048
28049
28050
28051
28055
28056
28057
28058
28059
28060
28064
28066
28067
28068
28069
28070
28071
28072
28073
28075
28076
28077
28078
28079
28084
28086
28110
28112
28113
28114
28115
28116
28118
28119
28120
28121
28122
28123
28124
28128
28129
28130
28131
28132
28133
28134
28135
28136
28141
28144
28145
28146
28148
28149
28152
28153
28154
28155
28156
28157
28158
28159
28160
28161
28162
28163
28164
28165
28166
28167
28168
28176
28177
28178
28179
28181
28182
28183
28184
28185
28186
28187
28188
28189
28190
28191
28193
28197
28200
28201
28202
28203
28204
28206
28207
28208
28209
28210
28211
28212
28213
28214
28215
28216
28241
28259
28260
28261
28262
28263
28264
28266
28267
28268
28269
28270
28272
28274
28275
28279
28280
28281
28287
28288
28289
28290
28291
28303
28304
28306
28307
28315
28316
28317
28318
28319
28320
28322
28323
28324
28325
28326
28327
28328
28329
28330
28333
28334
28335
28336
28337
28338
28339
28340
28346
28347
28982
28991
29025
29031
29034
29035
29036
29037
29038
29039
29047
29050
29052
29054
29056
29058
29060
29061
29195
29197
29198
29199
29200
29201
29202
29203
29205
29207
29208
29209
29210
29214
29219
29221
29222
29944
29949
29951
29953
29954
29955
29956
29957
29959
29961
29975
29978
29980
29982
29983
29994
