2.212300000000000000e+04
2.335400000000000000e+04
2.343100000000000000e+04
2.343600000000000000e+04
2.348800000000000000e+04
2.358300000000000000e+04
2.358400000000000000e+04
2.358500000000000000e+04
2.358600000000000000e+04
2.359000000000000000e+04
2.359100000000000000e+04
2.359200000000000000e+04
2.359300000000000000e+04
2.359400000000000000e+04
2.359500000000000000e+04
2.359600000000000000e+04
2.359700000000000000e+04
2.359800000000000000e+04
2.360000000000000000e+04
2.360100000000000000e+04
2.360200000000000000e+04
2.360300000000000000e+04
2.360400000000000000e+04
2.360500000000000000e+04
2.360600000000000000e+04
2.360700000000000000e+04
2.361600000000000000e+04
2.361700000000000000e+04
2.361800000000000000e+04
2.361900000000000000e+04
2.362000000000000000e+04
2.362100000000000000e+04
2.589300000000000000e+04
2.589500000000000000e+04
2.589600000000000000e+04
2.589700000000000000e+04
2.589800000000000000e+04
2.589900000000000000e+04
2.590000000000000000e+04
2.590100000000000000e+04
2.590200000000000000e+04
2.590300000000000000e+04
2.590400000000000000e+04
2.590500000000000000e+04
2.590600000000000000e+04
2.590700000000000000e+04
2.590800000000000000e+04
2.590900000000000000e+04
2.591000000000000000e+04
2.591100000000000000e+04
2.593700000000000000e+04
2.593800000000000000e+04
2.593900000000000000e+04
2.594000000000000000e+04
2.594100000000000000e+04
2.594300000000000000e+04
2.594400000000000000e+04
2.594500000000000000e+04
2.594600000000000000e+04
2.594700000000000000e+04
2.594800000000000000e+04
2.595000000000000000e+04
2.595100000000000000e+04
2.595200000000000000e+04
2.595300000000000000e+04
2.595400000000000000e+04
2.595500000000000000e+04
2.595600000000000000e+04
2.595700000000000000e+04
2.595900000000000000e+04
2.596000000000000000e+04
2.596100000000000000e+04
2.596200000000000000e+04
2.596300000000000000e+04
2.596400000000000000e+04
2.596500000000000000e+04
2.596600000000000000e+04
2.596700000000000000e+04
2.596800000000000000e+04
2.596900000000000000e+04
2.597000000000000000e+04
2.597100000000000000e+04
2.597200000000000000e+04
2.597300000000000000e+04
2.597500000000000000e+04
2.597600000000000000e+04
2.597700000000000000e+04
2.597800000000000000e+04
2.597900000000000000e+04
2.598000000000000000e+04
2.598100000000000000e+04
2.611700000000000000e+04
2.611800000000000000e+04
2.611900000000000000e+04
2.612100000000000000e+04
2.613100000000000000e+04
2.613200000000000000e+04
2.613300000000000000e+04
2.613400000000000000e+04
2.613500000000000000e+04
2.613600000000000000e+04
2.613700000000000000e+04
2.613800000000000000e+04
2.613900000000000000e+04
2.614000000000000000e+04
2.614900000000000000e+04
2.615000000000000000e+04
2.615100000000000000e+04
2.615200000000000000e+04
2.615300000000000000e+04
2.615400000000000000e+04
2.615500000000000000e+04
2.615600000000000000e+04
2.616200000000000000e+04
2.616300000000000000e+04
2.616400000000000000e+04
2.616500000000000000e+04
2.616600000000000000e+04
2.616700000000000000e+04
2.616800000000000000e+04
2.616900000000000000e+04
2.617000000000000000e+04
2.617100000000000000e+04
2.617200000000000000e+04
2.617300000000000000e+04
2.617400000000000000e+04
2.617500000000000000e+04
2.617600000000000000e+04
2.617700000000000000e+04
2.617800000000000000e+04
2.618000000000000000e+04
2.618100000000000000e+04
2.618200000000000000e+04
2.618300000000000000e+04
2.618400000000000000e+04
2.618500000000000000e+04
2.618700000000000000e+04
2.619000000000000000e+04
2.619100000000000000e+04
2.619200000000000000e+04
2.619500000000000000e+04
2.619600000000000000e+04
2.619700000000000000e+04
2.619800000000000000e+04
2.620000000000000000e+04
2.620100000000000000e+04
2.620200000000000000e+04
2.620300000000000000e+04
2.620400000000000000e+04
2.620800000000000000e+04
2.621000000000000000e+04
2.621100000000000000e+04
2.621200000000000000e+04
2.621300000000000000e+04
2.621400000000000000e+04
2.621500000000000000e+04
2.621800000000000000e+04
2.622100000000000000e+04
2.622200000000000000e+04
2.622500000000000000e+04
2.622600000000000000e+04
2.622800000000000000e+04
2.622900000000000000e+04
2.623000000000000000e+04
2.623100000000000000e+04
2.623200000000000000e+04
2.623300000000000000e+04
2.623400000000000000e+04
2.623600000000000000e+04
2.623700000000000000e+04
2.623800000000000000e+04
2.623900000000000000e+04
2.624000000000000000e+04
2.624100000000000000e+04
2.624200000000000000e+04
2.624300000000000000e+04
2.624400000000000000e+04
2.624500000000000000e+04
2.624600000000000000e+04
2.624700000000000000e+04
2.624800000000000000e+04
2.624900000000000000e+04
2.625000000000000000e+04
2.625100000000000000e+04
2.629300000000000000e+04
2.629500000000000000e+04
2.631800000000000000e+04
2.632200000000000000e+04
2.632400000000000000e+04
2.632500000000000000e+04
2.636400000000000000e+04
2.636500000000000000e+04
2.636600000000000000e+04
2.636700000000000000e+04
2.636800000000000000e+04
2.636900000000000000e+04
2.637100000000000000e+04
2.637200000000000000e+04
2.637300000000000000e+04
2.637400000000000000e+04
2.637700000000000000e+04
2.637800000000000000e+04
2.638300000000000000e+04
2.638600000000000000e+04
2.638700000000000000e+04
2.638800000000000000e+04
2.638900000000000000e+04
2.639000000000000000e+04
2.639100000000000000e+04
2.639200000000000000e+04
2.639400000000000000e+04
2.639500000000000000e+04
2.639600000000000000e+04
2.639700000000000000e+04
2.639800000000000000e+04
2.639900000000000000e+04
2.640000000000000000e+04
2.640100000000000000e+04
2.640200000000000000e+04
2.640400000000000000e+04
2.640500000000000000e+04
2.640600000000000000e+04
2.640700000000000000e+04
2.640800000000000000e+04
2.640900000000000000e+04
2.641000000000000000e+04
2.641100000000000000e+04
2.641200000000000000e+04
2.641300000000000000e+04
2.641600000000000000e+04
2.641700000000000000e+04
2.642800000000000000e+04
2.643000000000000000e+04
2.643100000000000000e+04
2.643300000000000000e+04
2.643400000000000000e+04
2.643600000000000000e+04
2.643700000000000000e+04
2.643800000000000000e+04
2.643900000000000000e+04
2.644000000000000000e+04
2.644500000000000000e+04
2.644700000000000000e+04
2.644800000000000000e+04
2.646800000000000000e+04
2.646900000000000000e+04
2.647000000000000000e+04
2.647200000000000000e+04
2.647400000000000000e+04
2.647600000000000000e+04
2.648100000000000000e+04
2.648200000000000000e+04
2.648400000000000000e+04
2.648700000000000000e+04
2.648900000000000000e+04
2.649100000000000000e+04
2.649200000000000000e+04
2.649300000000000000e+04
2.649600000000000000e+04
2.649700000000000000e+04
2.649800000000000000e+04
2.650200000000000000e+04
2.650400000000000000e+04
2.650500000000000000e+04
2.650600000000000000e+04
2.652100000000000000e+04
2.652300000000000000e+04
2.652500000000000000e+04
2.652600000000000000e+04
2.652700000000000000e+04
2.652800000000000000e+04
2.652900000000000000e+04
2.653000000000000000e+04
2.653100000000000000e+04
2.653200000000000000e+04
2.653300000000000000e+04
2.653400000000000000e+04
2.653500000000000000e+04
2.653600000000000000e+04
2.653700000000000000e+04
2.654000000000000000e+04
2.654100000000000000e+04
2.654200000000000000e+04
2.654300000000000000e+04
2.654400000000000000e+04
2.654600000000000000e+04
2.655000000000000000e+04
2.655100000000000000e+04
2.655200000000000000e+04
2.655300000000000000e+04
2.655400000000000000e+04
2.655500000000000000e+04
2.656400000000000000e+04
2.656500000000000000e+04
2.656600000000000000e+04
2.656700000000000000e+04
2.656800000000000000e+04
2.657100000000000000e+04
2.657200000000000000e+04
2.657300000000000000e+04
2.657400000000000000e+04
2.657500000000000000e+04
2.657600000000000000e+04
2.657800000000000000e+04
2.657900000000000000e+04
2.658000000000000000e+04
2.658100000000000000e+04
2.658200000000000000e+04
2.658300000000000000e+04
2.658400000000000000e+04
2.658500000000000000e+04
2.658600000000000000e+04
2.658700000000000000e+04
2.659200000000000000e+04
2.659300000000000000e+04
2.675600000000000000e+04
2.675700000000000000e+04
2.675800000000000000e+04
2.675900000000000000e+04
2.676300000000000000e+04
2.676400000000000000e+04
2.676500000000000000e+04
2.676600000000000000e+04
2.676700000000000000e+04
2.745500000000000000e+04
2.745600000000000000e+04
2.745700000000000000e+04
2.746200000000000000e+04
2.746300000000000000e+04
2.746400000000000000e+04
2.746500000000000000e+04
2.746600000000000000e+04
2.746700000000000000e+04
2.746800000000000000e+04
2.746900000000000000e+04
2.747000000000000000e+04
2.747200000000000000e+04
2.747300000000000000e+04
2.762300000000000000e+04
2.762400000000000000e+04
2.762500000000000000e+04
2.762700000000000000e+04
2.762800000000000000e+04
2.762900000000000000e+04
2.763000000000000000e+04
2.763100000000000000e+04
2.763200000000000000e+04
2.763300000000000000e+04
2.763400000000000000e+04
2.763500000000000000e+04
2.763600000000000000e+04
2.763700000000000000e+04
2.763800000000000000e+04
2.763900000000000000e+04
2.764000000000000000e+04
2.764100000000000000e+04
2.764200000000000000e+04
2.764900000000000000e+04
2.765100000000000000e+04
2.765200000000000000e+04
2.765300000000000000e+04
2.765400000000000000e+04
2.765500000000000000e+04
2.765600000000000000e+04
2.766000000000000000e+04
2.766100000000000000e+04
2.766200000000000000e+04
2.766300000000000000e+04
2.766400000000000000e+04
2.766800000000000000e+04
2.766900000000000000e+04
2.767000000000000000e+04
2.767100000000000000e+04
2.767200000000000000e+04
2.767300000000000000e+04
2.767400000000000000e+04
2.767500000000000000e+04
2.767600000000000000e+04
2.767700000000000000e+04
2.767800000000000000e+04
2.768000000000000000e+04
2.768100000000000000e+04
2.768200000000000000e+04
2.768300000000000000e+04
2.768400000000000000e+04
2.768700000000000000e+04
2.768800000000000000e+04
2.768900000000000000e+04
2.769000000000000000e+04
2.769200000000000000e+04
2.769300000000000000e+04
2.769400000000000000e+04
2.769500000000000000e+04
2.769600000000000000e+04
2.769700000000000000e+04
2.769800000000000000e+04
2.769900000000000000e+04
2.770000000000000000e+04
2.770100000000000000e+04
2.770200000000000000e+04
2.770300000000000000e+04
2.770500000000000000e+04
2.770600000000000000e+04
2.770700000000000000e+04
2.770900000000000000e+04
2.771100000000000000e+04
2.771200000000000000e+04
2.771300000000000000e+04
2.771400000000000000e+04
2.771500000000000000e+04
2.771600000000000000e+04
2.771700000000000000e+04
2.771800000000000000e+04
2.771900000000000000e+04
2.772000000000000000e+04
2.772100000000000000e+04
2.772200000000000000e+04
2.772400000000000000e+04
2.772500000000000000e+04
2.772600000000000000e+04
2.772700000000000000e+04
2.772800000000000000e+04
2.772900000000000000e+04
2.773000000000000000e+04
2.773100000000000000e+04
2.773200000000000000e+04
2.773400000000000000e+04
2.773500000000000000e+04
2.773600000000000000e+04
2.773800000000000000e+04
2.774000000000000000e+04
2.774100000000000000e+04
2.774200000000000000e+04
2.774300000000000000e+04
2.774400000000000000e+04
2.774500000000000000e+04
2.774600000000000000e+04
2.774700000000000000e+04
2.774800000000000000e+04
2.774900000000000000e+04
2.775000000000000000e+04
2.775100000000000000e+04
2.775200000000000000e+04
2.775400000000000000e+04
2.775500000000000000e+04
2.776300000000000000e+04
2.776400000000000000e+04
2.776500000000000000e+04
2.776600000000000000e+04
2.776700000000000000e+04
2.776800000000000000e+04
2.776900000000000000e+04
2.777100000000000000e+04
2.777200000000000000e+04
2.777300000000000000e+04
2.777400000000000000e+04
2.777500000000000000e+04
2.777700000000000000e+04
2.777800000000000000e+04
2.777900000000000000e+04
2.778000000000000000e+04
2.778100000000000000e+04
2.778200000000000000e+04
2.778400000000000000e+04
2.778600000000000000e+04
2.778700000000000000e+04
2.778800000000000000e+04
2.778900000000000000e+04
2.779000000000000000e+04
2.779100000000000000e+04
2.779200000000000000e+04
2.779300000000000000e+04
2.779400000000000000e+04
2.779500000000000000e+04
2.779600000000000000e+04
2.779700000000000000e+04
2.779800000000000000e+04
2.780000000000000000e+04
2.780500000000000000e+04
2.780800000000000000e+04
2.780900000000000000e+04
2.781000000000000000e+04
2.781100000000000000e+04
2.781300000000000000e+04
2.781400000000000000e+04
2.781500000000000000e+04
2.781600000000000000e+04
2.781700000000000000e+04
2.781800000000000000e+04
2.781900000000000000e+04
2.782000000000000000e+04
2.782100000000000000e+04
2.782200000000000000e+04
2.782300000000000000e+04
2.782400000000000000e+04
2.782500000000000000e+04
2.782600000000000000e+04
2.782800000000000000e+04
2.782900000000000000e+04
2.783000000000000000e+04
2.783200000000000000e+04
2.783300000000000000e+04
2.783400000000000000e+04
2.783700000000000000e+04
2.783800000000000000e+04
2.784100000000000000e+04
2.784200000000000000e+04
2.784400000000000000e+04
2.784500000000000000e+04
2.784600000000000000e+04
2.784700000000000000e+04
2.784800000000000000e+04
2.784900000000000000e+04
2.785000000000000000e+04
2.785100000000000000e+04
2.785200000000000000e+04
2.785400000000000000e+04
2.785500000000000000e+04
2.785600000000000000e+04
2.785700000000000000e+04
2.785800000000000000e+04
2.785900000000000000e+04
2.786000000000000000e+04
2.786100000000000000e+04
2.786200000000000000e+04
2.786300000000000000e+04
2.786400000000000000e+04
2.786500000000000000e+04
2.786600000000000000e+04
2.786700000000000000e+04
2.786800000000000000e+04
2.786900000000000000e+04
2.787000000000000000e+04
2.787100000000000000e+04
2.787200000000000000e+04
2.787300000000000000e+04
2.787400000000000000e+04
2.787500000000000000e+04
2.787600000000000000e+04
2.787700000000000000e+04
2.787800000000000000e+04
2.787900000000000000e+04
2.788000000000000000e+04
2.788100000000000000e+04
2.788300000000000000e+04
2.788400000000000000e+04
2.788500000000000000e+04
2.788600000000000000e+04
2.788700000000000000e+04
2.788800000000000000e+04
2.788900000000000000e+04
2.789000000000000000e+04
2.789100000000000000e+04
2.789200000000000000e+04
2.789300000000000000e+04
2.789400000000000000e+04
2.789500000000000000e+04
2.789600000000000000e+04
2.789700000000000000e+04
2.789800000000000000e+04
2.789900000000000000e+04
2.790100000000000000e+04
2.790300000000000000e+04
2.790400000000000000e+04
2.790500000000000000e+04
2.790700000000000000e+04
2.790800000000000000e+04
2.790900000000000000e+04
2.791000000000000000e+04
2.791100000000000000e+04
2.791200000000000000e+04
2.791300000000000000e+04
2.791400000000000000e+04
2.791500000000000000e+04
2.791600000000000000e+04
2.791700000000000000e+04
2.791800000000000000e+04
2.791900000000000000e+04
2.792000000000000000e+04
2.792100000000000000e+04
2.792200000000000000e+04
2.792300000000000000e+04
2.792400000000000000e+04
2.792600000000000000e+04
2.792700000000000000e+04
2.792800000000000000e+04
2.792900000000000000e+04
2.793100000000000000e+04
2.793200000000000000e+04
2.793300000000000000e+04
2.793400000000000000e+04
2.793500000000000000e+04
2.793600000000000000e+04
2.793700000000000000e+04
2.793800000000000000e+04
2.793900000000000000e+04
2.794000000000000000e+04
2.794100000000000000e+04
2.794300000000000000e+04
2.794500000000000000e+04
2.794600000000000000e+04
2.794800000000000000e+04
2.794900000000000000e+04
2.795000000000000000e+04
2.795100000000000000e+04
2.795200000000000000e+04
2.795300000000000000e+04
2.795400000000000000e+04
2.795500000000000000e+04
2.795600000000000000e+04
2.795700000000000000e+04
2.795800000000000000e+04
2.795900000000000000e+04
2.796000000000000000e+04
2.796200000000000000e+04
2.796300000000000000e+04
2.796400000000000000e+04
2.796500000000000000e+04
2.796600000000000000e+04
2.796700000000000000e+04
2.796800000000000000e+04
2.796900000000000000e+04
2.797000000000000000e+04
2.797200000000000000e+04
2.797300000000000000e+04
2.797400000000000000e+04
2.797600000000000000e+04
2.798400000000000000e+04
2.798500000000000000e+04
2.798600000000000000e+04
2.798700000000000000e+04
2.798800000000000000e+04
2.799000000000000000e+04
2.799300000000000000e+04
2.799400000000000000e+04
2.799500000000000000e+04
2.799600000000000000e+04
2.799700000000000000e+04
2.799800000000000000e+04
2.799900000000000000e+04
2.800000000000000000e+04
2.800200000000000000e+04
2.800300000000000000e+04
2.800400000000000000e+04
2.800500000000000000e+04
2.800600000000000000e+04
2.800700000000000000e+04
2.800800000000000000e+04
2.800900000000000000e+04
2.801000000000000000e+04
2.801100000000000000e+04
2.801200000000000000e+04
2.801300000000000000e+04
2.801400000000000000e+04
2.801500000000000000e+04
2.801600000000000000e+04
2.801700000000000000e+04
2.801800000000000000e+04
2.801900000000000000e+04
2.802000000000000000e+04
2.802100000000000000e+04
2.802300000000000000e+04
2.802400000000000000e+04
2.802500000000000000e+04
2.802600000000000000e+04
2.802700000000000000e+04
2.802800000000000000e+04
2.802900000000000000e+04
2.803000000000000000e+04
2.803100000000000000e+04
2.803200000000000000e+04
2.803300000000000000e+04
2.803400000000000000e+04
2.803500000000000000e+04
2.803600000000000000e+04
2.803700000000000000e+04
2.803800000000000000e+04
2.803900000000000000e+04
2.804000000000000000e+04
2.804100000000000000e+04
2.804200000000000000e+04
2.804300000000000000e+04
2.804400000000000000e+04
2.804500000000000000e+04
2.804600000000000000e+04
2.804700000000000000e+04
2.804800000000000000e+04
2.804900000000000000e+04
2.805000000000000000e+04
2.805100000000000000e+04
2.805200000000000000e+04
2.805300000000000000e+04
2.805400000000000000e+04
2.805500000000000000e+04
2.805600000000000000e+04
2.805700000000000000e+04
2.805800000000000000e+04
2.805900000000000000e+04
2.806000000000000000e+04
2.806100000000000000e+04
2.806200000000000000e+04
2.806300000000000000e+04
2.806400000000000000e+04
2.806500000000000000e+04
2.806600000000000000e+04
2.806700000000000000e+04
2.806800000000000000e+04
2.806900000000000000e+04
2.807000000000000000e+04
2.807100000000000000e+04
2.807200000000000000e+04
2.807300000000000000e+04
2.807400000000000000e+04
2.807500000000000000e+04
2.807600000000000000e+04
2.807700000000000000e+04
2.807800000000000000e+04
2.807900000000000000e+04
2.808100000000000000e+04
2.808200000000000000e+04
2.808300000000000000e+04
2.808400000000000000e+04
2.808500000000000000e+04
2.808600000000000000e+04
2.808700000000000000e+04
2.808800000000000000e+04
2.808900000000000000e+04
2.809000000000000000e+04
2.809100000000000000e+04
2.809200000000000000e+04
2.809400000000000000e+04
2.809500000000000000e+04
2.809700000000000000e+04
2.809800000000000000e+04
2.809900000000000000e+04
2.810000000000000000e+04
2.810100000000000000e+04
2.810200000000000000e+04
2.810300000000000000e+04
2.810400000000000000e+04
2.810500000000000000e+04
2.810600000000000000e+04
2.810700000000000000e+04
2.811000000000000000e+04
2.811200000000000000e+04
2.811300000000000000e+04
2.811400000000000000e+04
2.811500000000000000e+04
2.811600000000000000e+04
2.811800000000000000e+04
2.811900000000000000e+04
2.812000000000000000e+04
2.812100000000000000e+04
2.812200000000000000e+04
2.812300000000000000e+04
2.812400000000000000e+04
2.812500000000000000e+04
2.812600000000000000e+04
2.812700000000000000e+04
2.812800000000000000e+04
2.812900000000000000e+04
2.813000000000000000e+04
2.813100000000000000e+04
2.813200000000000000e+04
2.813300000000000000e+04
2.813400000000000000e+04
2.813500000000000000e+04
2.813600000000000000e+04
2.813800000000000000e+04
2.813900000000000000e+04
2.814000000000000000e+04
2.814100000000000000e+04
2.814400000000000000e+04
2.814500000000000000e+04
2.814600000000000000e+04
2.814800000000000000e+04
2.814900000000000000e+04
2.815200000000000000e+04
2.815300000000000000e+04
2.815400000000000000e+04
2.815500000000000000e+04
2.815600000000000000e+04
2.815700000000000000e+04
2.815800000000000000e+04
2.815900000000000000e+04
2.816000000000000000e+04
2.816100000000000000e+04
2.816200000000000000e+04
2.816300000000000000e+04
2.816400000000000000e+04
2.816500000000000000e+04
2.816600000000000000e+04
2.816700000000000000e+04
2.816800000000000000e+04
2.816900000000000000e+04
2.817000000000000000e+04
2.817100000000000000e+04
2.817200000000000000e+04
2.817300000000000000e+04
2.817500000000000000e+04
2.817600000000000000e+04
2.817700000000000000e+04
2.817800000000000000e+04
2.817900000000000000e+04
2.818100000000000000e+04
2.818200000000000000e+04
2.818300000000000000e+04
2.818400000000000000e+04
2.818500000000000000e+04
2.818600000000000000e+04
2.818700000000000000e+04
2.818800000000000000e+04
2.818900000000000000e+04
2.819000000000000000e+04
2.819100000000000000e+04
2.819200000000000000e+04
2.819300000000000000e+04
2.819400000000000000e+04
2.819500000000000000e+04
2.819600000000000000e+04
2.819700000000000000e+04
2.820000000000000000e+04
2.820100000000000000e+04
2.820200000000000000e+04
2.820300000000000000e+04
2.820400000000000000e+04
2.820600000000000000e+04
2.820700000000000000e+04
2.820800000000000000e+04
2.820900000000000000e+04
2.821000000000000000e+04
2.821100000000000000e+04
2.821200000000000000e+04
2.821300000000000000e+04
2.821400000000000000e+04
2.821500000000000000e+04
2.821600000000000000e+04
2.821700000000000000e+04
2.821800000000000000e+04
2.821900000000000000e+04
2.822000000000000000e+04
2.822100000000000000e+04
2.822200000000000000e+04
2.822300000000000000e+04
2.822400000000000000e+04
2.822500000000000000e+04
2.822600000000000000e+04
2.822700000000000000e+04
2.822800000000000000e+04
2.822900000000000000e+04
2.823000000000000000e+04
2.823100000000000000e+04
2.823200000000000000e+04
2.823300000000000000e+04
2.823400000000000000e+04
2.823500000000000000e+04
2.823700000000000000e+04
2.823900000000000000e+04
2.824000000000000000e+04
2.824100000000000000e+04
2.824200000000000000e+04
2.824300000000000000e+04
2.824400000000000000e+04
2.824500000000000000e+04
2.824600000000000000e+04
2.824700000000000000e+04
2.824800000000000000e+04
2.824900000000000000e+04
2.825500000000000000e+04
2.825600000000000000e+04
2.825800000000000000e+04
2.825900000000000000e+04
2.826000000000000000e+04
2.826100000000000000e+04
2.826200000000000000e+04
2.826300000000000000e+04
2.826400000000000000e+04
2.826600000000000000e+04
2.826700000000000000e+04
2.826800000000000000e+04
2.826900000000000000e+04
2.827000000000000000e+04
2.827200000000000000e+04
2.827300000000000000e+04
2.827400000000000000e+04
2.827500000000000000e+04
2.827600000000000000e+04
2.827700000000000000e+04
2.827800000000000000e+04
2.827900000000000000e+04
2.828000000000000000e+04
2.828100000000000000e+04
2.828700000000000000e+04
2.828800000000000000e+04
2.828900000000000000e+04
2.829000000000000000e+04
2.829100000000000000e+04
2.829200000000000000e+04
2.830300000000000000e+04
2.830400000000000000e+04
2.830500000000000000e+04
2.830600000000000000e+04
2.830700000000000000e+04
2.831300000000000000e+04
2.831400000000000000e+04
2.831500000000000000e+04
2.831600000000000000e+04
2.831700000000000000e+04
2.831800000000000000e+04
2.831900000000000000e+04
2.832000000000000000e+04
2.832100000000000000e+04
2.832200000000000000e+04
2.832300000000000000e+04
2.832400000000000000e+04
2.832500000000000000e+04
2.832600000000000000e+04
2.832700000000000000e+04
2.832800000000000000e+04
2.832900000000000000e+04
2.833000000000000000e+04
2.833100000000000000e+04
2.833200000000000000e+04
2.833300000000000000e+04
2.833400000000000000e+04
2.833500000000000000e+04
2.833600000000000000e+04
2.833700000000000000e+04
2.833800000000000000e+04
2.833900000000000000e+04
2.834000000000000000e+04
2.834600000000000000e+04
2.834700000000000000e+04
2.834800000000000000e+04
2.834900000000000000e+04
2.835000000000000000e+04
2.835100000000000000e+04
2.835200000000000000e+04
2.835400000000000000e+04
2.858400000000000000e+04
2.861900000000000000e+04
2.862000000000000000e+04
2.862100000000000000e+04
2.862800000000000000e+04
2.862900000000000000e+04
2.863000000000000000e+04
2.863100000000000000e+04
2.863200000000000000e+04
2.864000000000000000e+04
2.864200000000000000e+04
2.864300000000000000e+04
2.864400000000000000e+04
2.864700000000000000e+04
2.864800000000000000e+04
2.864900000000000000e+04
2.865100000000000000e+04
2.865200000000000000e+04
2.865300000000000000e+04
2.865500000000000000e+04
2.865600000000000000e+04
2.865700000000000000e+04
2.865800000000000000e+04
2.865900000000000000e+04
2.866000000000000000e+04
2.873900000000000000e+04
2.874000000000000000e+04
2.874300000000000000e+04
2.874400000000000000e+04
2.874500000000000000e+04
2.874600000000000000e+04
2.874700000000000000e+04
2.874800000000000000e+04
2.874900000000000000e+04
2.875000000000000000e+04
2.875100000000000000e+04
2.875200000000000000e+04
2.875400000000000000e+04
2.875500000000000000e+04
2.875700000000000000e+04
2.875800000000000000e+04
2.876300000000000000e+04
2.876400000000000000e+04
2.876500000000000000e+04
2.876600000000000000e+04
2.876700000000000000e+04
2.876800000000000000e+04
2.876900000000000000e+04
2.877000000000000000e+04
2.877100000000000000e+04
2.877200000000000000e+04
2.877400000000000000e+04
2.877500000000000000e+04
2.877600000000000000e+04
2.877700000000000000e+04
2.877800000000000000e+04
2.877900000000000000e+04
2.878000000000000000e+04
2.878100000000000000e+04
2.878200000000000000e+04
2.878300000000000000e+04
2.878400000000000000e+04
2.878500000000000000e+04
2.878600000000000000e+04
2.878700000000000000e+04
2.878800000000000000e+04
2.879100000000000000e+04
2.879400000000000000e+04
2.879600000000000000e+04
2.879800000000000000e+04
2.880100000000000000e+04
2.880200000000000000e+04
2.880300000000000000e+04
2.880400000000000000e+04
2.880800000000000000e+04
2.880900000000000000e+04
2.881000000000000000e+04
2.881100000000000000e+04
2.881500000000000000e+04
2.881600000000000000e+04
2.881700000000000000e+04
2.881800000000000000e+04
2.881900000000000000e+04
2.882000000000000000e+04
2.882300000000000000e+04
2.882400000000000000e+04
2.882500000000000000e+04
2.882600000000000000e+04
2.882700000000000000e+04
2.882800000000000000e+04
2.882900000000000000e+04
2.883000000000000000e+04
2.883100000000000000e+04
2.883200000000000000e+04
2.883300000000000000e+04
2.883400000000000000e+04
2.883500000000000000e+04
2.883600000000000000e+04
2.883700000000000000e+04
2.883800000000000000e+04
2.883900000000000000e+04
2.884000000000000000e+04
2.884100000000000000e+04
2.884200000000000000e+04
2.884300000000000000e+04
2.885400000000000000e+04
2.885500000000000000e+04
2.885600000000000000e+04
2.885700000000000000e+04
2.885800000000000000e+04
2.886000000000000000e+04
2.886100000000000000e+04
2.886300000000000000e+04
2.886400000000000000e+04
2.886500000000000000e+04
2.886600000000000000e+04
2.886700000000000000e+04
2.886800000000000000e+04
2.891100000000000000e+04
2.891200000000000000e+04
2.892000000000000000e+04
2.892100000000000000e+04
2.892200000000000000e+04
2.892300000000000000e+04
2.892400000000000000e+04
2.892500000000000000e+04
2.892600000000000000e+04
2.892700000000000000e+04
2.892800000000000000e+04
2.893400000000000000e+04
2.893800000000000000e+04
2.893900000000000000e+04
2.894000000000000000e+04
2.894100000000000000e+04
2.894200000000000000e+04
2.894300000000000000e+04
2.894600000000000000e+04
2.894700000000000000e+04
2.894800000000000000e+04
2.894900000000000000e+04
2.895000000000000000e+04
2.895100000000000000e+04
2.895400000000000000e+04
2.895500000000000000e+04
2.895600000000000000e+04
2.895700000000000000e+04
2.895800000000000000e+04
2.895900000000000000e+04
2.896200000000000000e+04
2.896300000000000000e+04
2.897500000000000000e+04
2.897700000000000000e+04
2.897800000000000000e+04
2.897900000000000000e+04
2.898000000000000000e+04
2.898100000000000000e+04
2.898200000000000000e+04
2.898300000000000000e+04
2.898400000000000000e+04
2.898500000000000000e+04
2.898600000000000000e+04
2.898800000000000000e+04
2.898900000000000000e+04
2.899100000000000000e+04
2.899200000000000000e+04
2.901700000000000000e+04
2.901800000000000000e+04
2.901900000000000000e+04
2.902000000000000000e+04
2.902100000000000000e+04
2.902300000000000000e+04
2.902500000000000000e+04
2.902600000000000000e+04
2.902700000000000000e+04
2.902800000000000000e+04
2.902900000000000000e+04
2.903000000000000000e+04
2.903100000000000000e+04
2.903200000000000000e+04
2.903300000000000000e+04
2.903400000000000000e+04
2.903500000000000000e+04
2.903600000000000000e+04
2.903700000000000000e+04
2.903800000000000000e+04
2.903900000000000000e+04
2.904700000000000000e+04
2.904900000000000000e+04
2.905000000000000000e+04
2.905200000000000000e+04
2.905300000000000000e+04
2.905400000000000000e+04
2.905600000000000000e+04
2.905800000000000000e+04
2.905900000000000000e+04
2.906000000000000000e+04
2.906100000000000000e+04
2.906200000000000000e+04
2.906700000000000000e+04
2.906900000000000000e+04
2.907000000000000000e+04
2.907100000000000000e+04
2.907200000000000000e+04
2.907300000000000000e+04
2.907400000000000000e+04
2.907600000000000000e+04
2.907700000000000000e+04
2.907900000000000000e+04
2.908600000000000000e+04
2.908700000000000000e+04
2.908800000000000000e+04
2.908900000000000000e+04
2.910200000000000000e+04
2.910400000000000000e+04
2.916200000000000000e+04
2.916300000000000000e+04
2.916400000000000000e+04
2.916500000000000000e+04
2.916600000000000000e+04
2.916800000000000000e+04
2.916900000000000000e+04
2.917100000000000000e+04
2.917200000000000000e+04
2.917400000000000000e+04
2.917500000000000000e+04
2.917600000000000000e+04
2.917700000000000000e+04
2.917800000000000000e+04
2.918000000000000000e+04
2.918100000000000000e+04
2.918200000000000000e+04
2.918900000000000000e+04
2.919000000000000000e+04
2.919100000000000000e+04
2.919300000000000000e+04
2.919400000000000000e+04
2.919500000000000000e+04
2.919600000000000000e+04
2.919700000000000000e+04
2.919800000000000000e+04
2.919900000000000000e+04
2.920000000000000000e+04
2.920100000000000000e+04
2.920200000000000000e+04
2.920300000000000000e+04
2.920400000000000000e+04
2.920500000000000000e+04
2.920600000000000000e+04
2.920700000000000000e+04
2.920800000000000000e+04
2.920900000000000000e+04
2.921000000000000000e+04
2.921200000000000000e+04
2.921300000000000000e+04
2.921400000000000000e+04
2.921500000000000000e+04
2.921600000000000000e+04
2.921800000000000000e+04
2.921900000000000000e+04
2.922100000000000000e+04
2.922200000000000000e+04
2.922300000000000000e+04
2.922400000000000000e+04
2.922500000000000000e+04
2.922600000000000000e+04
2.922700000000000000e+04
2.922800000000000000e+04
2.922900000000000000e+04
2.923000000000000000e+04
2.923100000000000000e+04
2.923200000000000000e+04
2.923300000000000000e+04
2.923500000000000000e+04
2.923600000000000000e+04
2.923700000000000000e+04
2.923800000000000000e+04
2.924200000000000000e+04
2.924400000000000000e+04
2.924500000000000000e+04
2.924600000000000000e+04
2.924700000000000000e+04
2.924800000000000000e+04
2.924900000000000000e+04
2.925000000000000000e+04
2.925100000000000000e+04
2.925200000000000000e+04
2.925300000000000000e+04
2.925500000000000000e+04
2.925600000000000000e+04
2.925700000000000000e+04
2.925900000000000000e+04
2.926000000000000000e+04
2.926100000000000000e+04
2.926200000000000000e+04
2.926300000000000000e+04
2.926400000000000000e+04
2.926500000000000000e+04
2.926600000000000000e+04
2.926700000000000000e+04
2.927000000000000000e+04
2.927100000000000000e+04
2.927200000000000000e+04
2.927300000000000000e+04
2.927400000000000000e+04
2.930100000000000000e+04
2.930200000000000000e+04
2.930300000000000000e+04
2.930400000000000000e+04
2.930900000000000000e+04
2.931000000000000000e+04
2.931300000000000000e+04
2.931400000000000000e+04
2.931500000000000000e+04
2.931700000000000000e+04
2.931800000000000000e+04
2.931900000000000000e+04
2.932000000000000000e+04
2.932100000000000000e+04
2.932200000000000000e+04
2.932700000000000000e+04
2.932800000000000000e+04
2.933000000000000000e+04
2.933200000000000000e+04
2.933300000000000000e+04
2.933400000000000000e+04
2.933500000000000000e+04
2.934400000000000000e+04
2.934500000000000000e+04
2.935100000000000000e+04
2.935200000000000000e+04
2.936100000000000000e+04
2.936200000000000000e+04
2.936400000000000000e+04
2.936500000000000000e+04
2.936600000000000000e+04
2.936800000000000000e+04
2.936900000000000000e+04
2.937100000000000000e+04
2.937200000000000000e+04
2.937300000000000000e+04
2.937500000000000000e+04
2.937600000000000000e+04
2.937700000000000000e+04
2.937800000000000000e+04
2.937900000000000000e+04
2.938000000000000000e+04
2.938100000000000000e+04
2.938200000000000000e+04
2.938400000000000000e+04
2.938700000000000000e+04
2.938800000000000000e+04
2.938900000000000000e+04
2.939000000000000000e+04
2.939800000000000000e+04
2.939900000000000000e+04
2.940000000000000000e+04
2.940100000000000000e+04
2.940300000000000000e+04
2.940400000000000000e+04
2.940600000000000000e+04
2.940700000000000000e+04
2.940800000000000000e+04
2.940900000000000000e+04
2.941200000000000000e+04
2.941300000000000000e+04
2.941400000000000000e+04
2.941500000000000000e+04
2.941800000000000000e+04
2.941900000000000000e+04
2.942000000000000000e+04
2.942100000000000000e+04
2.942300000000000000e+04
2.942600000000000000e+04
2.942700000000000000e+04
2.942800000000000000e+04
2.942900000000000000e+04
2.943000000000000000e+04
2.943400000000000000e+04
2.943500000000000000e+04
2.943600000000000000e+04
2.943700000000000000e+04
2.943800000000000000e+04
2.943900000000000000e+04
2.944000000000000000e+04
2.944100000000000000e+04
2.944200000000000000e+04
2.944300000000000000e+04
2.944400000000000000e+04
2.944500000000000000e+04
2.944600000000000000e+04
2.944700000000000000e+04
2.945000000000000000e+04
2.945100000000000000e+04
2.945200000000000000e+04
2.945400000000000000e+04
2.945500000000000000e+04
2.945700000000000000e+04
2.946100000000000000e+04
2.946200000000000000e+04
2.946300000000000000e+04
2.946400000000000000e+04
2.946500000000000000e+04
2.946900000000000000e+04
2.947000000000000000e+04
2.947100000000000000e+04
2.947200000000000000e+04
2.947300000000000000e+04
2.947400000000000000e+04
2.947500000000000000e+04
2.947700000000000000e+04
2.947900000000000000e+04
2.948200000000000000e+04
2.948300000000000000e+04
2.948500000000000000e+04
2.948600000000000000e+04
2.948700000000000000e+04
2.948800000000000000e+04
2.948900000000000000e+04
2.949000000000000000e+04
2.949200000000000000e+04
2.949300000000000000e+04
2.949400000000000000e+04
2.949500000000000000e+04
2.949600000000000000e+04
2.949700000000000000e+04
2.949800000000000000e+04
2.949900000000000000e+04
2.950000000000000000e+04
2.950100000000000000e+04
2.950200000000000000e+04
2.950300000000000000e+04
2.950400000000000000e+04
2.950500000000000000e+04
2.950600000000000000e+04
2.950700000000000000e+04
2.951200000000000000e+04
2.951300000000000000e+04
2.951400000000000000e+04
2.951500000000000000e+04
2.951600000000000000e+04
2.951700000000000000e+04
2.951800000000000000e+04
2.951900000000000000e+04
2.952000000000000000e+04
2.952100000000000000e+04
2.952200000000000000e+04
2.952400000000000000e+04
2.952500000000000000e+04
2.953000000000000000e+04
2.953100000000000000e+04
2.953700000000000000e+04
2.953800000000000000e+04
2.954100000000000000e+04
2.954200000000000000e+04
2.954300000000000000e+04
2.954500000000000000e+04
2.954700000000000000e+04
2.954800000000000000e+04
2.954900000000000000e+04
2.955000000000000000e+04
2.955200000000000000e+04
2.955400000000000000e+04
2.955600000000000000e+04
2.955700000000000000e+04
2.955800000000000000e+04
2.955900000000000000e+04
2.956000000000000000e+04
2.956100000000000000e+04
2.956300000000000000e+04
2.956500000000000000e+04
2.956600000000000000e+04
2.956700000000000000e+04
2.956900000000000000e+04
2.957000000000000000e+04
2.957100000000000000e+04
2.957200000000000000e+04
2.957300000000000000e+04
2.957400000000000000e+04
2.957500000000000000e+04
2.957600000000000000e+04
2.957800000000000000e+04
2.958000000000000000e+04
2.958100000000000000e+04
2.958200000000000000e+04
2.958300000000000000e+04
2.958400000000000000e+04
2.958500000000000000e+04
2.958600000000000000e+04
2.958700000000000000e+04
2.958800000000000000e+04
2.959000000000000000e+04
2.959100000000000000e+04
2.959200000000000000e+04
2.959300000000000000e+04
2.959500000000000000e+04
2.959600000000000000e+04
2.959700000000000000e+04
2.959800000000000000e+04
2.960100000000000000e+04
2.960200000000000000e+04
2.960300000000000000e+04
2.960400000000000000e+04
2.960500000000000000e+04
2.960600000000000000e+04
2.960800000000000000e+04
2.960900000000000000e+04
2.961000000000000000e+04
2.961100000000000000e+04
2.961300000000000000e+04
2.961400000000000000e+04
2.961500000000000000e+04
2.961600000000000000e+04
2.961700000000000000e+04
2.961800000000000000e+04
2.961900000000000000e+04
2.962500000000000000e+04
2.962600000000000000e+04
2.962800000000000000e+04
2.962900000000000000e+04
2.963000000000000000e+04
2.963100000000000000e+04
2.963200000000000000e+04
2.963300000000000000e+04
2.963400000000000000e+04
2.963500000000000000e+04
2.963600000000000000e+04
2.963700000000000000e+04
2.963800000000000000e+04
2.963900000000000000e+04
2.964000000000000000e+04
2.964100000000000000e+04
2.964200000000000000e+04
2.964300000000000000e+04
2.964500000000000000e+04
2.964600000000000000e+04
2.964800000000000000e+04
2.964900000000000000e+04
2.965000000000000000e+04
2.965100000000000000e+04
2.965200000000000000e+04
2.965900000000000000e+04
2.966000000000000000e+04
2.966200000000000000e+04
2.966600000000000000e+04
2.966800000000000000e+04
2.966900000000000000e+04
2.967000000000000000e+04
2.967100000000000000e+04
2.967300000000000000e+04
2.967400000000000000e+04
2.967500000000000000e+04
2.967600000000000000e+04
2.967700000000000000e+04
2.967800000000000000e+04
2.967900000000000000e+04
2.968100000000000000e+04
2.968300000000000000e+04
2.968400000000000000e+04
2.968500000000000000e+04
2.968600000000000000e+04
2.968700000000000000e+04
2.968800000000000000e+04
2.969000000000000000e+04
2.969200000000000000e+04
2.969300000000000000e+04
2.969500000000000000e+04
2.969600000000000000e+04
2.969700000000000000e+04
2.969800000000000000e+04
2.969900000000000000e+04
2.970000000000000000e+04
2.970200000000000000e+04
2.970500000000000000e+04
2.970600000000000000e+04
2.970700000000000000e+04
2.970800000000000000e+04
2.970900000000000000e+04
2.971400000000000000e+04
2.971500000000000000e+04
2.971600000000000000e+04
2.971700000000000000e+04
2.971800000000000000e+04
2.972000000000000000e+04
2.972200000000000000e+04
2.972300000000000000e+04
2.972400000000000000e+04
2.972500000000000000e+04
2.972600000000000000e+04
2.973200000000000000e+04
2.973300000000000000e+04
2.973400000000000000e+04
2.973500000000000000e+04
2.973700000000000000e+04
2.973800000000000000e+04
2.974100000000000000e+04
2.974200000000000000e+04
2.974300000000000000e+04
2.974600000000000000e+04
2.974700000000000000e+04
2.974800000000000000e+04
2.974900000000000000e+04
2.975000000000000000e+04
2.975100000000000000e+04
2.975200000000000000e+04
2.975300000000000000e+04
2.975400000000000000e+04
2.975800000000000000e+04
2.975900000000000000e+04
2.976100000000000000e+04
2.976200000000000000e+04
2.976400000000000000e+04
2.976500000000000000e+04
2.976700000000000000e+04
2.976800000000000000e+04
2.976900000000000000e+04
2.977100000000000000e+04
2.977500000000000000e+04
2.977600000000000000e+04
2.977700000000000000e+04
2.977800000000000000e+04
2.978000000000000000e+04
2.978100000000000000e+04
2.978200000000000000e+04
2.978300000000000000e+04
2.978400000000000000e+04
2.978500000000000000e+04
2.978600000000000000e+04
2.979000000000000000e+04
2.979400000000000000e+04
2.979500000000000000e+04
2.979600000000000000e+04
2.979900000000000000e+04
2.980100000000000000e+04
2.980300000000000000e+04
2.980400000000000000e+04
2.980600000000000000e+04
2.980700000000000000e+04
2.980800000000000000e+04
2.980900000000000000e+04
2.981100000000000000e+04
2.981200000000000000e+04
2.981300000000000000e+04
2.981500000000000000e+04
2.981800000000000000e+04
2.982000000000000000e+04
2.982100000000000000e+04
2.982300000000000000e+04
2.982400000000000000e+04
2.982500000000000000e+04
2.982600000000000000e+04
2.982700000000000000e+04
2.982800000000000000e+04
2.982900000000000000e+04
2.983200000000000000e+04
2.983400000000000000e+04
2.983800000000000000e+04
2.983900000000000000e+04
2.984000000000000000e+04
2.984100000000000000e+04
2.984300000000000000e+04
2.984500000000000000e+04
2.984800000000000000e+04
2.984900000000000000e+04
2.985100000000000000e+04
2.985200000000000000e+04
2.985400000000000000e+04
2.985500000000000000e+04
2.985900000000000000e+04
2.986200000000000000e+04
2.987200000000000000e+04
2.987300000000000000e+04
2.987400000000000000e+04
2.987500000000000000e+04
2.987700000000000000e+04
2.987800000000000000e+04
2.987900000000000000e+04
2.988000000000000000e+04
2.988100000000000000e+04
2.988200000000000000e+04
2.988300000000000000e+04
2.988400000000000000e+04
2.988500000000000000e+04
2.988700000000000000e+04
2.988800000000000000e+04
2.988900000000000000e+04
2.989000000000000000e+04
2.989100000000000000e+04
2.989200000000000000e+04
2.989300000000000000e+04
2.989400000000000000e+04
2.989500000000000000e+04
2.989600000000000000e+04
2.989900000000000000e+04
2.990100000000000000e+04
2.990200000000000000e+04
2.990400000000000000e+04
2.990500000000000000e+04
2.990600000000000000e+04
2.990700000000000000e+04
2.990800000000000000e+04
2.990900000000000000e+04
2.991000000000000000e+04
2.991100000000000000e+04
2.991200000000000000e+04
2.991400000000000000e+04
2.991500000000000000e+04
2.991600000000000000e+04
2.991700000000000000e+04
2.992400000000000000e+04
2.992500000000000000e+04
2.992600000000000000e+04
2.992700000000000000e+04
2.992900000000000000e+04
2.993000000000000000e+04
2.993100000000000000e+04
2.993200000000000000e+04
2.993300000000000000e+04
2.993400000000000000e+04
2.993500000000000000e+04
2.993600000000000000e+04
2.993900000000000000e+04
2.994000000000000000e+04
2.994100000000000000e+04
2.994400000000000000e+04
2.994500000000000000e+04
2.994600000000000000e+04
2.994700000000000000e+04
2.994800000000000000e+04
2.994900000000000000e+04
2.995100000000000000e+04
2.995200000000000000e+04
2.995300000000000000e+04
2.995400000000000000e+04
2.995500000000000000e+04
2.995600000000000000e+04
2.995700000000000000e+04
2.995800000000000000e+04
2.995900000000000000e+04
2.996000000000000000e+04
2.996100000000000000e+04
2.996200000000000000e+04
2.996300000000000000e+04
2.996400000000000000e+04
2.996600000000000000e+04
2.996900000000000000e+04
2.997000000000000000e+04
2.997100000000000000e+04
2.997200000000000000e+04
2.997400000000000000e+04
2.997500000000000000e+04
2.997800000000000000e+04
2.998000000000000000e+04
2.998100000000000000e+04
2.998200000000000000e+04
2.998300000000000000e+04
2.998500000000000000e+04
2.998600000000000000e+04
2.998700000000000000e+04
2.998800000000000000e+04
2.998900000000000000e+04
2.999100000000000000e+04
2.999200000000000000e+04
2.999300000000000000e+04
2.999400000000000000e+04
2.999900000000000000e+04
3.000400000000000000e+04
3.000500000000000000e+04
3.000600000000000000e+04
3.000700000000000000e+04
3.000800000000000000e+04
3.000900000000000000e+04
3.001000000000000000e+04
3.001100000000000000e+04
3.001200000000000000e+04
3.001300000000000000e+04
3.001400000000000000e+04
3.001600000000000000e+04
3.001700000000000000e+04
3.001800000000000000e+04
3.001900000000000000e+04
3.002000000000000000e+04
3.002100000000000000e+04
3.002200000000000000e+04
3.002300000000000000e+04
3.002400000000000000e+04
3.002500000000000000e+04
3.002600000000000000e+04
3.002800000000000000e+04
3.002900000000000000e+04
3.003000000000000000e+04
3.003100000000000000e+04
3.003200000000000000e+04
3.003400000000000000e+04
3.003500000000000000e+04
3.003600000000000000e+04
3.003700000000000000e+04
3.003800000000000000e+04
3.003900000000000000e+04
3.004000000000000000e+04
3.004100000000000000e+04
3.004200000000000000e+04
3.004300000000000000e+04
3.004400000000000000e+04
3.004500000000000000e+04
3.004700000000000000e+04
3.004800000000000000e+04
3.004900000000000000e+04
3.005000000000000000e+04
3.005100000000000000e+04
3.005200000000000000e+04
3.005300000000000000e+04
3.005400000000000000e+04
3.005500000000000000e+04
3.005600000000000000e+04
3.005700000000000000e+04
3.005800000000000000e+04
3.005900000000000000e+04
3.006000000000000000e+04
3.006200000000000000e+04
3.006300000000000000e+04
3.006400000000000000e+04
3.006500000000000000e+04
3.006600000000000000e+04
3.006800000000000000e+04
3.006900000000000000e+04
3.007100000000000000e+04
3.007300000000000000e+04
3.007400000000000000e+04
3.007500000000000000e+04
3.007600000000000000e+04
3.007700000000000000e+04
3.007800000000000000e+04
3.007900000000000000e+04
3.008000000000000000e+04
3.008100000000000000e+04
3.008200000000000000e+04
3.008300000000000000e+04
3.008400000000000000e+04
3.008500000000000000e+04
3.008600000000000000e+04
3.008700000000000000e+04
3.008800000000000000e+04
3.008900000000000000e+04
3.009000000000000000e+04
3.009300000000000000e+04
3.009400000000000000e+04
3.009500000000000000e+04
3.009700000000000000e+04
3.009800000000000000e+04
3.009900000000000000e+04
3.010000000000000000e+04
3.010100000000000000e+04
3.010200000000000000e+04
3.010300000000000000e+04
3.010400000000000000e+04
3.010500000000000000e+04
3.010600000000000000e+04
3.010700000000000000e+04
3.010800000000000000e+04
3.010900000000000000e+04
3.011000000000000000e+04
3.011400000000000000e+04
3.011500000000000000e+04
3.011600000000000000e+04
3.011700000000000000e+04
3.011800000000000000e+04
3.011900000000000000e+04
3.012000000000000000e+04
3.012100000000000000e+04
3.012200000000000000e+04
3.012300000000000000e+04
3.012400000000000000e+04
3.012500000000000000e+04
3.012600000000000000e+04
3.012700000000000000e+04
3.012800000000000000e+04
3.013000000000000000e+04
3.013100000000000000e+04
3.013200000000000000e+04
3.013300000000000000e+04
3.013400000000000000e+04
3.013800000000000000e+04
3.013900000000000000e+04
3.014000000000000000e+04
3.014100000000000000e+04
3.014200000000000000e+04
3.014300000000000000e+04
3.014500000000000000e+04
3.014700000000000000e+04
3.014800000000000000e+04
3.014900000000000000e+04
3.015000000000000000e+04
3.015100000000000000e+04
3.015200000000000000e+04
3.015300000000000000e+04
3.015400000000000000e+04
3.015500000000000000e+04
3.015800000000000000e+04
3.015900000000000000e+04
3.016000000000000000e+04
3.016200000000000000e+04
3.016300000000000000e+04
3.016400000000000000e+04
3.016500000000000000e+04
3.016600000000000000e+04
3.016700000000000000e+04
3.016800000000000000e+04
3.017500000000000000e+04
3.017600000000000000e+04
3.017700000000000000e+04
3.017800000000000000e+04
3.017900000000000000e+04
3.018200000000000000e+04
3.018300000000000000e+04
3.018400000000000000e+04
3.018500000000000000e+04
3.018700000000000000e+04
3.018800000000000000e+04
3.018900000000000000e+04
3.019000000000000000e+04
3.019100000000000000e+04
3.019200000000000000e+04
3.019300000000000000e+04
3.019400000000000000e+04
3.019500000000000000e+04
3.019600000000000000e+04
3.019700000000000000e+04
3.019800000000000000e+04
3.019900000000000000e+04
3.020000000000000000e+04
3.020200000000000000e+04
3.020300000000000000e+04
3.020400000000000000e+04
3.020500000000000000e+04
3.020600000000000000e+04
3.020700000000000000e+04
3.020800000000000000e+04
3.020900000000000000e+04
3.021000000000000000e+04
3.024700000000000000e+04
3.025200000000000000e+04
3.025400000000000000e+04
3.025500000000000000e+04
3.025600000000000000e+04
3.025700000000000000e+04
3.025800000000000000e+04
3.025900000000000000e+04
3.026000000000000000e+04
3.026100000000000000e+04
3.026200000000000000e+04
3.026300000000000000e+04
3.026400000000000000e+04
3.026500000000000000e+04
3.026600000000000000e+04
3.026700000000000000e+04
3.026800000000000000e+04
3.026900000000000000e+04
3.027000000000000000e+04
3.027200000000000000e+04
3.027300000000000000e+04
3.027400000000000000e+04
3.027500000000000000e+04
3.027600000000000000e+04
3.027700000000000000e+04
3.027800000000000000e+04
3.027900000000000000e+04
3.028000000000000000e+04
3.028100000000000000e+04
3.028200000000000000e+04
3.028300000000000000e+04
3.028400000000000000e+04
3.028500000000000000e+04
3.028600000000000000e+04
3.028700000000000000e+04
3.028800000000000000e+04
3.028900000000000000e+04
3.029000000000000000e+04
3.029100000000000000e+04
3.029200000000000000e+04
3.029300000000000000e+04
3.029400000000000000e+04
3.029500000000000000e+04
3.029700000000000000e+04
3.029800000000000000e+04
3.029900000000000000e+04
3.030000000000000000e+04
3.030100000000000000e+04
3.030200000000000000e+04
3.030300000000000000e+04
3.030400000000000000e+04
3.030500000000000000e+04
3.030600000000000000e+04
3.030700000000000000e+04
3.030800000000000000e+04
3.030900000000000000e+04
3.031000000000000000e+04
3.031100000000000000e+04
3.031200000000000000e+04
3.031300000000000000e+04
3.031600000000000000e+04
3.031700000000000000e+04
3.031800000000000000e+04
3.031900000000000000e+04
3.032000000000000000e+04
3.032100000000000000e+04
3.032200000000000000e+04
3.032300000000000000e+04
3.032400000000000000e+04
3.032500000000000000e+04
3.032700000000000000e+04
3.033700000000000000e+04
3.033800000000000000e+04
3.033900000000000000e+04
3.034000000000000000e+04
3.034100000000000000e+04
3.034200000000000000e+04
3.034500000000000000e+04
3.034600000000000000e+04
3.034800000000000000e+04
3.034900000000000000e+04
3.035000000000000000e+04
3.035100000000000000e+04
3.035200000000000000e+04
3.035300000000000000e+04
3.035400000000000000e+04
3.035500000000000000e+04
3.035600000000000000e+04
3.035700000000000000e+04
3.035800000000000000e+04
3.035900000000000000e+04
3.036000000000000000e+04
3.036300000000000000e+04
3.036500000000000000e+04
3.036600000000000000e+04
3.036700000000000000e+04
3.036800000000000000e+04
3.036900000000000000e+04
3.037000000000000000e+04
3.037400000000000000e+04
3.037500000000000000e+04
3.037600000000000000e+04
3.037700000000000000e+04
3.037800000000000000e+04
3.037900000000000000e+04
3.038000000000000000e+04
3.038100000000000000e+04
3.038200000000000000e+04
3.038300000000000000e+04
3.038400000000000000e+04
3.038800000000000000e+04
3.038900000000000000e+04
3.039000000000000000e+04
3.039300000000000000e+04
3.039500000000000000e+04
3.039600000000000000e+04
3.039700000000000000e+04
3.039800000000000000e+04
3.040100000000000000e+04
3.040200000000000000e+04
3.040300000000000000e+04
3.040400000000000000e+04
3.040500000000000000e+04
3.040600000000000000e+04
3.040700000000000000e+04
3.040900000000000000e+04
3.041000000000000000e+04
3.041100000000000000e+04
3.041200000000000000e+04
3.041300000000000000e+04
3.041400000000000000e+04
3.041500000000000000e+04
3.041600000000000000e+04
3.041700000000000000e+04
3.041800000000000000e+04
3.041900000000000000e+04
3.042000000000000000e+04
3.042600000000000000e+04
3.042700000000000000e+04
3.042800000000000000e+04
3.043000000000000000e+04
3.043700000000000000e+04
3.043800000000000000e+04
3.043900000000000000e+04
3.044000000000000000e+04
3.044100000000000000e+04
3.044200000000000000e+04
3.044300000000000000e+04
3.044400000000000000e+04
3.044500000000000000e+04
3.044600000000000000e+04
3.044700000000000000e+04
3.044900000000000000e+04
3.045000000000000000e+04
3.045100000000000000e+04
3.045200000000000000e+04
3.045300000000000000e+04
3.045400000000000000e+04
3.045500000000000000e+04
3.045600000000000000e+04
3.045700000000000000e+04
3.045800000000000000e+04
3.045900000000000000e+04
3.046000000000000000e+04
3.046100000000000000e+04
3.046200000000000000e+04
3.046300000000000000e+04
3.046400000000000000e+04
3.046500000000000000e+04
3.046600000000000000e+04
3.046700000000000000e+04
3.046800000000000000e+04
3.046900000000000000e+04
3.047000000000000000e+04
3.047100000000000000e+04
