0	2.84E+19
1	2.96E+19
2	3.08E+19
3	3.21E+19
4	3.34E+19
5	3.47E+19
6	3.61E+19
7	3.75E+19
8	3.89E+19
9	4.05E+19
10	4.20E+19
11	4.36E+19
12	4.53E+19
13	4.70E+19
14	4.87E+19
15	5.05E+19
16	5.24E+19
17	5.43E+19
18	5.63E+19
19	5.83E+19
20	6.04E+19
21	6.26E+19
22	6.48E+19
23	6.71E+19
24	6.94E+19
25	7.18E+19
26	7.43E+19
27	7.68E+19
28	7.94E+19
29	8.21E+19
30	8.49E+19
31	8.77E+19
32	9.06E+19
33	9.36E+19
34	9.66E+19
35	9.97E+19
36	1.03E+20
37	1.06E+20
38	1.10E+20
39	1.13E+20
40	1.17E+20
41	1.20E+20
42	1.24E+20
43	1.28E+20
44	1.32E+20
45	1.36E+20
46	1.40E+20
47	1.44E+20
48	1.48E+20
49	1.53E+20
50	1.57E+20
51	1.62E+20
52	1.67E+20
53	1.71E+20
54	1.76E+20
55	1.81E+20
56	1.86E+20
57	1.92E+20
58	1.97E+20
59	2.03E+20
60	2.08E+20
61	2.14E+20
62	2.20E+20
63	2.26E+20
64	2.32E+20
65	2.38E+20
66	2.44E+20
67	2.51E+20
68	2.58E+20
69	2.64E+20
70	2.71E+20
71	2.78E+20
72	2.85E+20
73	2.93E+20
74	3.00E+20
75	3.08E+20
76	3.15E+20
77	3.23E+20
78	3.31E+20
79	3.40E+20
80	3.48E+20
81	3.56E+20
82	3.65E+20
83	3.74E+20
84	3.83E+20
85	3.92E+20
86	4.01E+20
87	4.11E+20
88	4.21E+20
89	4.30E+20
90	4.40E+20
91	4.51E+20
92	4.61E+20
93	4.72E+20
94	4.82E+20
95	4.93E+20
96	5.04E+20
97	5.16E+20
98	5.27E+20
99	5.39E+20
100	5.51E+20
101	5.63E+20
102	5.75E+20
103	5.87E+20
104	6.00E+20
105	6.13E+20
106	6.26E+20
107	6.39E+20
108	6.53E+20
109	6.66E+20
110	6.80E+20
111	6.94E+20
112	7.09E+20
113	7.23E+20
114	7.38E+20
115	7.53E+20
116	7.68E+20
117	7.84E+20
118	7.99E+20
119	8.15E+20
120	8.32E+20
121	8.48E+20
122	8.65E+20
123	8.81E+20
124	8.99E+20
125	9.16E+20
126	9.34E+20
127	9.51E+20
128	9.69E+20
129	9.88E+20
130	1.01E+21
131	1.03E+21
132	1.04E+21
133	1.06E+21
134	1.08E+21
135	1.10E+21
136	1.12E+21
137	1.14E+21
138	1.17E+21
139	1.19E+21
140	1.21E+21
141	1.23E+21
142	1.25E+21
143	1.27E+21
144	1.30E+21
145	1.32E+21
146	1.34E+21
147	1.36E+21
148	1.39E+21
149	1.41E+21
150	1.44E+21
151	1.46E+21
152	1.48E+21
153	1.51E+21
154	1.54E+21
155	1.56E+21
156	1.59E+21
157	1.61E+21
158	1.64E+21
159	1.67E+21
160	1.69E+21
161	1.72E+21
162	1.75E+21
163	1.78E+21
164	1.81E+21
165	1.83E+21
166	1.86E+21
167	1.89E+21
168	1.92E+21
169	1.95E+21
170	1.98E+21
171	2.01E+21
172	2.04E+21
173	2.08E+21
174	2.11E+21
175	2.14E+21
176	2.17E+21
177	2.21E+21
178	2.24E+21
179	2.27E+21
180	2.31E+21
181	2.34E+21
182	2.37E+21
183	2.41E+21
184	2.44E+21
185	2.48E+21
186	2.52E+21
187	2.55E+21
188	2.59E+21
189	2.63E+21
190	2.66E+21
191	2.70E+21
192	2.74E+21
193	2.78E+21
194	2.82E+21
195	2.86E+21
196	2.90E+21
197	2.94E+21
198	2.98E+21
199	3.02E+21
200	3.06E+21
201	3.10E+21
202	3.14E+21
203	3.19E+21
204	3.23E+21
205	3.27E+21
206	3.32E+21
207	3.36E+21
208	3.40E+21
209	3.45E+21
210	3.49E+21
211	3.54E+21
212	3.59E+21
213	3.63E+21
214	3.68E+21
215	3.73E+21
216	3.77E+21
217	3.82E+21
218	3.87E+21
219	3.92E+21
220	3.97E+21
221	4.02E+21
222	4.07E+21
223	4.12E+21
224	4.17E+21
225	4.22E+21
226	4.27E+21
227	4.32E+21
228	4.38E+21
229	4.43E+21
230	4.48E+21
231	4.54E+21
232	4.59E+21
233	4.65E+21
234	4.70E+21
235	4.76E+21
236	4.81E+21
237	4.87E+21
238	4.93E+21
239	4.99E+21
240	5.04E+21
241	5.10E+21
242	5.16E+21
243	5.22E+21
244	5.28E+21
245	5.34E+21
246	5.40E+21
247	5.46E+21
248	5.52E+21
249	5.59E+21
250	5.65E+21
251	5.71E+21
252	5.77E+21
253	5.84E+21
254	5.90E+21
255	5.97E+21
256	6.03E+21
257	6.10E+21
258	6.16E+21
259	6.23E+21
260	6.30E+21
261	6.37E+21
262	6.43E+21
263	6.50E+21
264	6.57E+21
265	6.64E+21
266	6.71E+21
267	6.78E+21
268	6.85E+21
269	6.92E+21
270	7.00E+21
271	7.07E+21
272	7.14E+21
273	7.21E+21
274	7.29E+21
275	7.36E+21
276	7.44E+21
277	7.51E+21
278	7.59E+21
279	7.66E+21
280	7.74E+21
281	7.82E+21
282	7.90E+21
283	7.97E+21
284	8.05E+21
285	8.13E+21
286	8.21E+21
287	8.29E+21
288	8.37E+21
289	8.45E+21
290	8.54E+21
291	8.62E+21
292	8.70E+21
293	8.78E+21
294	8.87E+21
295	8.95E+21
296	9.04E+21
297	9.12E+21
298	9.21E+21
299	9.29E+21
300	9.38E+21
301	9.47E+21
302	9.56E+21
303	9.64E+21
304	9.73E+21
305	9.82E+21
306	9.91E+21
307	1.00E+22
308	1.01E+22
309	1.02E+22
310	1.03E+22
311	1.04E+22
312	1.05E+22
313	1.06E+22
314	1.07E+22
315	1.07E+22
316	1.08E+22
317	1.09E+22
318	1.10E+22
319	1.11E+22
320	1.12E+22
321	1.13E+22
322	1.14E+22
323	1.15E+22
324	1.16E+22
325	1.17E+22
326	1.18E+22
327	1.19E+22
328	1.20E+22
329	1.21E+22
330	1.22E+22
331	1.23E+22
332	1.24E+22
333	1.25E+22
334	1.26E+22
335	1.27E+22
336	1.28E+22
337	1.30E+22
338	1.31E+22
339	1.32E+22
340	1.33E+22
341	1.34E+22
342	1.35E+22
343	1.36E+22
344	1.37E+22
345	1.38E+22
346	1.39E+22
347	1.40E+22
348	1.42E+22
349	1.43E+22
350	1.44E+22
351	1.45E+22
352	1.46E+22
353	1.47E+22
354	1.48E+22
355	1.50E+22
356	1.51E+22
357	1.52E+22
358	1.53E+22
359	1.54E+22
360	1.55E+22
361	1.57E+22
362	1.58E+22
363	1.59E+22
364	1.60E+22
365	1.61E+22
366	1.63E+22
367	1.64E+22
368	1.65E+22
369	1.66E+22
370	1.68E+22
371	1.69E+22
372	1.70E+22
373	1.71E+22
374	1.73E+22
375	1.74E+22
376	1.75E+22
377	1.76E+22
378	1.78E+22
379	1.79E+22
380	1.80E+22
381	1.81E+22
382	1.83E+22
383	1.84E+22
384	1.85E+22
385	1.87E+22
386	1.88E+22
387	1.89E+22
388	1.91E+22
389	1.92E+22
390	1.93E+22
391	1.95E+22
392	1.96E+22
393	1.97E+22
394	1.99E+22
395	2.00E+22
396	2.02E+22
397	2.03E+22
398	2.04E+22
399	2.06E+22
400	2.07E+22
