7110
7498
7580
7725
7738
7968
8800
8964
8985
9008
9052
9090
10200
10441
10486
11018
11042
11189
11433
11996
12520
12741
12773
12801
12855
12908
13015
13102
13403
13530
13778
13846
13968
14988
15079
15301
15605
15704
16227
16645
16996
17060
17187
17560
17658
17866
17895
17964
18267
18349
18574
18942
19374
20059
20558
20854
20958
21249
21474
21497
21868
21893
22019
22070
22143
22194
22515
22568
22604
22770
22965
23131
23271
23583
23895
23961
24686
24876
25582
25877
25937
25982
26002
