1.5644 1.5665
1.7316 1.6800
1.3485 2.0628
1.0882 2.0628
0.9032 1.8806
0.9046 1.8792
0.5342 1.5084
0.5383 1.5043
0.3328 1.3031
0.3328 1.1000
0.3348 1.1000
0.3031 0.8535
0.3051 0.8535
0.2691 0.5710
0.2711 0.5710
0.2608 0.5013
0.2608 -0.5013
0.2711 -0.5710
0.2691 -0.5710
0.3051 -0.8535
0.3031 -0.8535
0.3348 -1.1000
0.3328 -1.1000
0.3328 -1.3031
0.5383 -1.5043
0.5342 -1.5084
0.9046 -1.8792
0.9032 -1.8806
1.0882 -2.0628
1.3485 -2.0628
1.7316 -1.6800
1.5644 -1.5665
1.3800 -1.5746
1.3799 -1.5744
1.1962 -1.5824
1.1963 -1.5826
1.0554 -1.5887
1.0553 -1.5886
0.9475 -1.5933
0.9057 -1.5933
0.8991 -1.5925
0.8834 -1.5880
0.8677 -1.5786
0.8513 -1.5654
0.8335 -1.5439
0.8261 -1.5265
0.8227 -1.5129
0.8210 -1.4939
0.8207 -1.4749
0.8229 -1.4435
0.8276 -1.4169
0.8392 -1.3850
0.8552 -1.3505
0.8776 -1.3198
0.8995 -1.2979
1.1857 -1.0115
1.2790 -0.8400
1.2960 -0.8179
1.5210 -0.8179
1.5210 0.8179
1.2960 0.8179
1.2790 0.8400
1.1857 1.0115
0.8995 1.2979
0.8776 1.3198
0.8552 1.3505
0.8392 1.3850
0.8276 1.4169
0.8229 1.4435
0.8207 1.4749
0.8210 1.4939
0.8227 1.5129
0.8261 1.5265
0.8335 1.5439
0.8513 1.5654
0.8677 1.5786
0.8834 1.5880
0.8991 1.5925
0.9057 1.5933
0.9475 1.5933
1.0553 1.5886
1.0554 1.5887
1.1963 1.5826
1.1962 1.5824
1.3799 1.5744
1.3800 1.5746
1.5644 1.5665
